0 0.7598
1 0.7598
2 0.7598
3 0.7598
4 0.7598
5 0.7598
6 0.7598
7 0.7598
8 0.7598
9 0.7598
10 0.7599
11 0.7599
12 0.7598
13 0.7598
14 0.7598
15 0.7596
16 0.7596
17 0.7595
18 0.7594
19 0.7593
20 0.7592
21 0.7591
22 0.759
23 0.7589
24 0.7587
25 0.7586
26 0.7585
27 0.7583
28 0.7582
29 0.7581
30 0.7578
31 0.7578
32 0.7575
33 0.7572
34 0.757
35 0.7567
36 0.7565
37 0.7562
38 0.756
39 0.7558
40 0.7556
41 0.7551
42 0.7549
43 0.7547
44 0.7542
45 0.7539
46 0.7534
47 0.7532
48 0.7529
49 0.7526
50 0.7523
51 0.7517
52 0.7514
53 0.7511
54 0.7504
55 0.75
56 0.7493
57 0.7489
58 0.7485
59 0.7477
60 0.7472
61 0.7468
62 0.7458
63 0.7453
64 0.7448
65 0.7438
66 0.7432
67 0.7426
68 0.7421
69 0.7415
70 0.7402
71 0.7396
72 0.7389
73 0.7375
74 0.7368
75 0.7353
76 0.7346
77 0.7338
78 0.733
79 0.7314
80 0.7305
81 0.7288
82 0.7279
83 0.727
84 0.7261
85 0.7242
86 0.7232
87 0.7222
88 0.7202
89 0.7191
90 0.718
91 0.717
92 0.7147
93 0.7136
94 0.7124
95 0.7113
96 0.7088
97 0.7076
98 0.7063
99 0.7051
100 0.7038
101 0.7011
102 0.6997
103 0.6984
104 0.697
105 0.6941
106 0.6927
107 0.6912
108 0.6897
109 0.6866
110 0.685
111 0.6834
112 0.6806
113 0.6788
114 0.6783
115 0.6787
116 0.6797
117 0.6813
118 0.6872
119 0.6819
120 0.681
121 0.6804
122 0.6801
123 0.681
124 0.6818
125 0.6827
126 0.6932
127 0.697
128 0.6989
129 0.7082
130 0.71
131 0.7119
132 0.7155
133 0.7173
134 0.7191
135 0.7227
136 0.7245
137 0.7262
138 0.7297
139 0.7349
140 0.7367
141 0.7383
142 0.74
143 0.7433
144 0.745
145 0.7482
146 0.7498
147 0.7514
148 0.7529
149 0.756
150 0.7575
151 0.759
152 0.7619
153 0.7633
154 0.7647
155 0.7661
156 0.7674
157 0.7701
158 0.7714
159 0.7726
160 0.7751
161 0.7762
162 0.7774
163 0.7785
164 0.7807
165 0.7818
166 0.7828
167 0.7847
168 0.7856
169 0.7874
170 0.7882
171 0.789
172 0.7905
173 0.7913
174 0.7919
175 0.7926
176 0.7937
177 0.7942
178 0.7947
179 0.7956
180 0.7967
181 0.7967
182 0.7972
183 0.7974
184 0.7976
185 0.7977
186 0.7977
187 0.7978
188 0.7977
189 0.7976
190 0.7973
191 0.797
192 0.7968
193 0.7961
194 0.7953
195 0.7948
196 0.7943
197 0.7931
198 0.7924
199 0.7909
200 0.7901
201 0.7883
202 0.7873
203 0.7852
204 0.7841
205 0.7818
206 0.7805
207 0.7792
208 0.7765
209 0.775
210 0.7736
211 0.7704
212 0.7687
213 0.767
214 0.7652
215 0.7615
216 0.7556
217 0.7556
218 0.7491
219 0.7469
220 0.7446
221 0.7423
222 0.7374
223 0.7349
224 0.7298
225 0.7271
226 0.7244
227 0.7217
228 0.7188
229 0.713
230 0.7101
231 0.707
232 0.7008
233 0.6977
234 0.6912
235 0.6878
236 0.681
237 0.6776
238 0.674
239 0.6705
240 0.6632
241 0.6594
242 0.6557
243 0.6518
244 0.644
245 0.6402
246 0.6361
247 0.6321
248 0.6239
249 0.6196
250 0.6154
251 0.6069
252 0.6025
253 0.5982
254 0.5937
255 0.5855
256 0.579
257 0.5766
258 0.5745
259 0.5717
260 0.5711
261 0.5708
262 0.5711
263 0.573
264 0.5746
265 0.5768
266 0.5792
267 0.584
268 0.5864
269 0.5887
270 0.5932
271 0.5954
272 0.5975
273 0.5997
274 0.6017
275 0.6056
276 0.6075
277 0.6094
278 0.6129
279 0.6147
280 0.6163
281 0.6179
282 0.6223
283 0.6238
284 0.6251
285 0.6264
286 0.6288
287 0.6299
288 0.631
289 0.6319
290 0.6338
291 0.6347
292 0.6354
293 0.6368
294 0.6375
295 0.6385
296 0.6389
297 0.6396
298 0.6399
299 0.64
300 0.6402
301 0.6403
302 0.6401
303 0.6401
304 0.6399
305 0.6393
306 0.639
307 0.6385
308 0.6375
309 0.6369
310 0.6355
311 0.6346
312 0.6338
313 0.6319
314 0.6308
315 0.6297
316 0.6285
317 0.626
318 0.6246
319 0.6231
320 0.6201
321 0.6185
322 0.6168
323 0.6151
324 0.6115
325 0.6095
326 0.6076
327 0.6034
328 0.6012
329 0.599
330 0.5967
331 0.592
332 0.5896
333 0.5845
334 0.5819
335 0.5765
336 0.5738
337 0.5709
338 0.5681
339 0.5622
340 0.5591
341 0.556
342 0.5497
343 0.5464
344 0.5432
345 0.5366
346 0.5331
347 0.5262
348 0.5227
349 0.5191
350 0.5118
351 0.5082
352 0.5007
353 0.4969
354 0.4931
355 0.4866
356 0.4844
357 0.4829
358 0.4825
359 0.4838
360 0.4849
361 0.4901
362 0.4942
363 0.4991
364 0.5089
365 0.5136
366 0.5231
367 0.5277
368 0.5413
369 0.5457
370 0.5501
371 0.5585
372 0.5627
373 0.5667
374 0.5745
375 0.5784
376 0.5821
377 0.5859
378 0.593
379 0.5964
380 0.5999
381 0.6031
382 0.6064
383 0.6126
384 0.6185
385 0.6213
386 0.6267
387 0.6292
388 0.6317
389 0.6341
390 0.6363
391 0.6406
392 0.6426
393 0.6463
394 0.6497
395 0.6512
396 0.6526
397 0.6552
398 0.6563
399 0.6583
400 0.6598
401 0.6605
402 0.661
403 0.6617
404 0.662
405 0.6621
406 0.662
407 0.6616
408 0.6612
409 0.6607
410 0.6601
411 0.6587
412 0.6578
413 0.6568
414 0.6545
415 0.6533
416 0.6504
417 0.6488
418 0.6454
419 0.6415
420 0.6395
421 0.6351
422 0.6327
423 0.6303
424 0.6252
425 0.6225
426 0.6199
427 0.6182
428 0.6181
429 0.6197
430 0.6216
431 0.625
432 0.6347
433 0.6409
434 0.6478
435 0.6613
436 0.6679
437 0.6807
438 0.6929
439 0.6989
440 0.7103
441 0.7157
442 0.7211
443 0.7313
444 0.7362
445 0.7455
446 0.75
447 0.7584
448 0.7624
449 0.7662
450 0.7733
451 0.7766
452 0.7798
453 0.7828
454 0.7883
455 0.7908
456 0.7931
457 0.7972
458 0.799
459 0.8007
460 0.8034
461 0.8055
462 0.8062
463 0.8068
464 0.8072
465 0.8075
466 0.8074
467 0.8071
468 0.8067
469 0.8052
470 0.8042
471 0.8031
472 0.8017
473 0.7985
474 0.7967
475 0.7925
476 0.7876
477 0.7849
478 0.782
479 0.779
480 0.7724
481 0.7689
482 0.7652
483 0.7614
484 0.7533
485 0.749
486 0.7445
487 0.7352
488 0.7303
489 0.7252
490 0.7148
491 0.7093
492 0.698
493 0.6922
494 0.6801
495 0.6739
496 0.6686
497 0.6617
498 0.6603
499 0.6579
500 0.6588
501 0.6606
502 0.6667
503 0.67
504 0.6732
505 0.6763
506 0.6821
507 0.6847
508 0.6873
509 0.6918
510 0.6939
511 0.6976
512 0.6993
513 0.7021
514 0.7032
515 0.7043
516 0.7059
517 0.7064
518 0.7071
519 0.7072
520 0.7069
521 0.7066
522 0.7054
523 0.7036
524 0.7012
525 0.6998
526 0.6965
527 0.6926
528 0.6905
529 0.6857
530 0.6832
531 0.6804
532 0.6746
533 0.6681
534 0.6647
535 0.6612
536 0.6537
537 0.6498
538 0.6458
539 0.6416
540 0.6329
541 0.6283
542 0.6237
543 0.6141
544 0.604
545 0.5935
546 0.5881
547 0.5826
548 0.577
549 0.5656
550 0.5597
551 0.5477
552 0.5416
553 0.5354
554 0.5228
555 0.4766
556 0.4628
557 0.4488
558 0.4418
559 0.4356
560 0.4287
561 0.4347
562 0.4349
563 0.4396
564 0.4592
565 0.4714
566 0.4835
567 0.5074
568 0.5193
569 0.531
570 0.5426
571 0.5655
572 0.5768
573 0.588
574 0.6098
575 0.6205
576 0.6311
577 0.6517
578 0.6717
579 0.6815
580 0.691
581 0.7004
582 0.7185
583 0.7273
584 0.7359
585 0.7525
586 0.7682
587 0.7757
588 0.783
589 0.7969
590 0.8035
591 0.8098
592 0.8159
593 0.8274
594 0.8328
595 0.838
596 0.8474
597 0.8559
598 0.8598
599 0.8634
600 0.8697
601 0.8725
602 0.875
603 0.8773
604 0.881
605 0.8824
606 0.8845
607 0.8851
608 0.8856
609 0.8854
610 0.885
611 0.8833
612 0.882
613 0.8787
614 0.8768
615 0.8755
616 0.8751
617 0.8773
618 0.8794
619 0.887
620 0.8915
621 0.8956
622 0.8995
623 0.9063
624 0.9093
625 0.912
626 0.9165
627 0.9184
628 0.9199
629 0.9211
630 0.9226
631 0.923
632 0.9228
633 0.9222
634 0.9202
635 0.9188
636 0.9171
637 0.9128
638 0.9102
639 0.9073
640 0.9041
641 0.8969
642 0.8929
643 0.8841
644 0.8792
645 0.8687
646 0.8631
647 0.8572
648 0.8446
649 0.838
650 0.8166
651 0.8089
652 0.793
653 0.7847
654 0.7762
655 0.7586
656 0.7495
657 0.7307
658 0.721
659 0.7112
660 0.691
661 0.6807
662 0.6597
663 0.6528
664 0.6589
665 0.6502
666 0.6567
667 0.6634
668 0.6807
669 0.698
670 0.7064
671 0.7146
672 0.7302
673 0.7377
674 0.745
675 0.7588
676 0.7653
677 0.7717
678 0.7835
679 0.7891
680 0.7945
681 0.7995
682 0.8043
683 0.8132
684 0.8173
685 0.8246
686 0.8308
687 0.8335
688 0.8359
689 0.84
690 0.8415
691 0.8429
692 0.8439
693 0.8452
694 0.8454
695 0.8453
696 0.845
697 0.8444
698 0.8423
699 0.8372
700 0.835
701 0.8296
702 0.8266
703 0.8233
704 0.8159
705 0.8118
706 0.8075
707 0.7981
708 0.793
709 0.7877
710 0.7822
711 0.7764
712 0.7642
713 0.7577
714 0.751
715 0.7441
716 0.7297
717 0.7222
718 0.7144
719 0.6984
720 0.6901
721 0.6817
722 0.6643
723 0.6553
724 0.6462
725 0.637
726 0.6181
727 0.6084
728 0.5886
729 0.5785
730 0.5684
731 0.5481
732 0.54
733 0.5351
734 0.5351
735 0.5414
736 0.5427
737 0.5578
738 0.576
739 0.6123
740 0.6302
741 0.6479
742 0.6654
743 0.6997
744 0.7166
745 0.7496
746 0.7657
747 0.7972
748 0.8125
749 0.8422
750 0.8566
751 0.8707
752 0.8978
753 0.9235
754 0.9478
755 0.9594
756 0.9706
757 0.9918
758 1.0017
759 1.029
760 1.0371
761 1.0522
762 1.059
763 1.0653
764 1.0765
765 1.0814
766 1.0896
767 1.0931
768 1.096
769 1.1024
770 1.1091
771 1.1186
772 1.1303
773 1.145
774 1.1772
775 1.1926
776 1.2217
777 1.2354
778 1.2486
779 1.2732
780 1.2846
781 1.3056
782 1.3152
783 1.3242
784 1.3326
785 1.3476
786 1.3542
787 1.3601
788 1.3654
789 1.3742
790 1.3777
791 1.3805
792 1.3827
793 1.3852
794 1.3856
795 1.3843
796 1.3828
797 1.3806
798 1.3778
799 1.3744
800 1.3703
801 1.3604
802 1.3545
803 1.3481
804 1.341
805 1.3251
806 1.3163
807 1.3069
808 1.3031
809 1.3134
810 1.3226
811 1.3367
812 1.3538
813 1.3934
814 1.4134
815 1.4327
816 1.4513
817 1.4863
818 1.5028
819 1.5185
820 1.5334
821 1.5611
822 1.5739
823 1.5858
824 1.597
825 1.6074
826 1.6258
827 1.6338
828 1.641
829 1.6475
830 1.6579
831 1.6619
832 1.6651
833 1.6674
834 1.6697
835 1.6687
836 1.6687
837 1.6644
838 1.6611
839 1.657
840 1.652
841 1.6397
842 1.6323
843 1.6242
844 1.6153
845 1.5952
846 1.584
847 1.572
848 1.5594
849 1.5318
850 1.5169
851 1.5014
852 1.4852
853 1.4508
854 1.4326
855 1.3944
856 1.3944
857 1.3537
858 1.3325
859 1.3107
860 1.2884
861 1.2423
862 1.2184
863 1.194
864 1.1692
865 1.1182
866 1.092
867 1.0654
868 1.0384
869 0.9833
870 0.9551
871 0.9266
872 0.8979
873 0.8395
874 0.8098
875 0.7799
876 0.7232
877 0.7003
878 0.6859
879 0.6754
880 0.6467
881 0.6455
882 0.6473
883 0.6481
884 0.6486
885 0.6491
886 0.6491
887 0.6488
888 0.6484
889 0.647
890 0.6459
891 0.6447
892 0.6434
893 0.64
894 0.6381
895 0.636
896 0.6337
897 0.6285
898 0.6257
899 0.6227
900 0.6162
901 0.6127
902 0.609
903 0.6052
904 0.6013
905 0.5971
906 0.5884
907 0.5904
908 0.6113
909 0.6533
910 0.6893
911 0.7263
912 0.763
913 0.8353
914 0.8709
915 0.941
916 0.9753
917 1.0426
918 1.0754
919 1.1076
920 1.1702
921 1.2303
922 1.2594
923 1.2878
924 1.3423
925 1.3685
926 1.3939
927 1.4186
928 1.4657
929 1.4881
930 1.5098
931 1.5306
932 1.5698
933 1.6057
934 1.6057
935 1.6381
936 1.6529
937 1.68
938 1.68
939 1.7037
940 1.7142
941 1.7238
942 1.7409
943 1.8288
944 1.8138
945 1.8461
946 1.8947
947 2.0012
948 2.0529
949 2.1036
950 2.1529
951 2.2477
952 2.2933
953 2.3805
954 2.4619
955 2.5004
956 2.5373
957 2.5726
958 2.6388
959 2.6696
960 2.6988
961 2.7523
962 2.7765
963 2.8201
964 2.8201
965 2.857
966 2.8728
967 2.887
968 2.8993
969 2.9223
970 3.0072
971 2.9644
972 2.9917
973 3.0566
974 3.0906
975 3.1228
976 3.153
977 3.2075
978 3.2318
979 3.2542
980 3.2745
981 3.2927
982 3.3233
983 3.3355
984 3.3458
985 3.3539
986 3.3642
987 3.3663
988 3.3664
989 3.3644
990 3.3546
991 3.3467
992 3.3248
993 3.311
994 3.2952
995 3.2775
996 3.2579
997 3.2129
998 3.1876
999 3.1604
1000 3.1315
1001 3.0682
1002 3.0339
1003 2.9979
1004 2.9602
1005 2.9209
1006 2.8373
1007 2.7932
1008 2.7474
1009 2.7003
1010 2.6017
1011 2.5502
1012 2.4975
1013 2.4108
1014 2.3746
1015 2.3587
1016 2.3523
1017 2.3408
1018 2.3642
1019 2.3754
1020 2.3853
1021 2.3938
1022 2.4067
1023 2.4111
1024 2.4142
1025 2.4158
1026 2.415
1027 2.4125
1028 2.4086
1029 2.4034
1030 2.3889
1031 2.3796
1032 2.357
1033 2.3437
1034 2.3291
1035 2.3132
1036 2.2776
1037 2.2578
1038 2.2368
1039 2.1912
1040 2.1666
1041 2.1408
1042 2.1139
1043 2.0567
1044 2.0279
1045 1.99
1046 1.9758
1047 1.9721
1048 1.9644
1049 1.9589
1050 1.9524
1051 1.9448
1052 1.9361
1053 1.9156
1054 1.9038
1055 1.8909
1056 1.8771
1057 1.8463
1058 1.8294
1059 1.8116
1060 1.7928
1061 1.7523
1062 1.7307
1063 1.6846
1064 1.6846
1065 1.635
1066 1.609
1067 1.582
1068 1.5543
1069 1.5399
1070 1.5622
1071 1.5897
1072 1.6541
1073 1.6853
1074 1.7156
1075 1.7447
1076 1.8002
1077 1.8264
1078 1.8516
1079 1.8756
1080 1.9205
1081 1.9611
1082 1.9798
1083 1.9972
1084 2.0285
1085 2.0424
1086 2.0666
1087 2.086
1088 2.0938
1089 2.1098
1090 2.1126
1091 2.1146
1092 2.1137
1093 2.1116
1094 2.1083
1095 2.1037
1096 2.098
1097 2.0829
1098 2.0735
1099 2.063
1100 2.0514
1101 2.0246
1102 2.0094
1103 1.9932
1104 1.9574
1105 1.9379
1106 1.8991
1107 1.8894
1108 1.8854
1109 1.8963
1110 1.9075
1111 1.9605
1112 1.9923
1113 2.023
1114 2.0806
1115 2.1074
1116 2.1575
1117 2.1805
1118 2.2023
1119 2.2416
1120 2.2592
1121 2.2755
1122 2.3038
1123 2.3158
1124 2.3265
1125 2.3357
1126 2.3501
1127 2.3551
1128 2.3588
1129 2.3611
1130 2.362
1131 2.3595
1132 2.3561
1133 2.3514
1134 2.3453
1135 2.3378
1136 2.3187
1137 2.3071
1138 2.2942
1139 2.2799
1140 2.2474
1141 2.2292
1142 2.2097
1143 2.1891
1144 2.1542
1145 2.1377
1146 2.1366
1147 2.1311
1148 2.1265
1149 2.1207
1150 2.1055
1151 2.0961
1152 2.0855
1153 2.0737
1154 2.0466
1155 2.0312
1156 2.0147
1157 1.9785
1158 1.9587
1159 1.9378
1160 1.9158
1161 1.8688
1162 1.8437
1163 1.8176
1164 1.7905
1165 1.7335
1166 1.7066
1167 1.6816
1168 1.6826
1169 1.6882
1170 1.6941
1171 1.703
1172 1.7061
1173 1.7094
1174 1.7096
1175 1.7089
1176 1.7045
1177 1.7009
1178 1.6964
1179 1.6909
1180 1.6772
1181 1.6689
1182 1.6598
1183 1.6388
1184 1.6269
1185 1.6142
1186 1.5862
1187 1.571
1188 1.5379
1189 1.5201
1190 1.5016
1191 1.4823
1192 1.4414
1193 1.4198
1194 1.3974
1195 1.3744
1196 1.3263
1197 1.3013
1198 1.2755
1199 1.2224
1200 1.195
1201 1.1384
1202 1.0798
1203 1.0498
1204 0.9886
1205 0.9575
1206 0.8941
1207 0.862
1208 0.8295
1209 0.7969
1210 0.7323
1211 0.7042
1212 0.6809
1213 0.6489
1214 0.6427
1215 0.6382
1216 0.6289
1217 0.6191
1218 0.6086
1219 0.6031
1220 0.5975
1221 0.5859
1222 0.5799
1223 0.5737
1224 0.5611
1225 0.5546
1226 0.5412
1227 0.5344
1228 0.5274
1229 0.5203
1230 0.5059
1231 0.4986
1232 0.4911
1233 0.4836
1234 0.4683
1235 0.4605
1236 0.4527
1237 0.4448
1238 0.4289
1239 0.4209
1240 0.4047
1241 0.3966
1242 0.3802
1243 0.3725
1244 0.3734
1245 0.3848
1246 0.3855
1247 0.4107
1248 0.4281
1249 0.4459
1250 0.4635
1251 0.4984
1252 0.5157
1253 0.5329
1254 0.5499
1255 0.5833
1256 0.6161
1257 0.6322
1258 0.6636
1259 0.6789
1260 0.694
1261 0.7232
1262 0.7374
1263 0.7513
1264 0.7648
1265 0.791
1266 0.8035
1267 0.8158
1268 0.8277
1269 0.8504
1270 0.8716
1271 0.8817
1272 0.8914
1273 0.9094
1274 0.9258
1275 0.9333
1276 0.9404
1277 0.9471
1278 0.9533
1279 0.9644
1280 0.9694
1281 0.9738
1282 0.9812
1283 0.9842
1284 0.9888
1285 0.9904
1286 0.9915
1287 0.9921
1288 0.9918
1289 0.991
1290 0.9896
1291 0.9878
1292 0.9827
1293 0.9757
1294 0.9715
1295 0.9671
1296 0.9659
1297 0.982
1298 0.9793
1299 0.9853
1300 1.0046
1301 1.0165
1302 1.0419
1303 1.0539
1304 1.0653
1305 1.0762
1306 1.0865
1307 1.1054
1308 1.1141
1309 1.1221
1310 1.1296
1311 1.1427
1312 1.1536
1313 1.1581
1314 1.162
1315 1.1653
1316 1.1702
1317 1.1717
1318 1.173
1319 1.1727
1320 1.1718
1321 1.1704
1322 1.1657
1323 1.1624
1324 1.1586
1325 1.1543
1326 1.1439
1327 1.1378
1328 1.1312
1329 1.1164
1330 1.1083
1331 1.0903
1332 1.0806
1333 1.0597
1334 1.0485
1335 1.0369
1336 1.0248
1337 0.9993
1338 0.9859
1339 0.9721
1340 0.9579
1341 0.9282
1342 0.9128
1343 0.897
1344 0.8809
1345 0.8475
1346 0.8303
1347 0.8128
1348 0.795
1349 0.7585
1350 0.7208
1351 0.7016
1352 0.6821
1353 0.6427
1354 0.6228
1355 0.5823
1356 0.5618
1357 0.5412
1358 0.5206
1359 0.4998
1360 0.458
1361 0.437
1362 0.4159
1363 0.3948
1364 0.3527
1365 0.3316
1366 0.3105
1367 0.2895
1368 0.2477
1369 0.2062
1370 0.1855
1371 0.1449
1372 0.1327
1373 0.1663
1374 0.2797
1375 0.7098
1376 0.6632
1377 0.5754
1378 0.4954
1379 0.3621
1380 0.3105
1381 0.2707
1382 0.2437
1383 0.2272
1384 0.2335
1385 0.2455
1386 0.2776
1387 0.2952
1388 0.331
1389 0.3488
1390 0.3667
1391 0.3845
1392 0.42
1393 0.4377
1394 0.4553
1395 0.4901
1396 0.5074
1397 0.5415
1398 0.5583
1399 0.575
1400 0.6077
1401 0.6237
1402 0.6395
1403 0.6703
1404 0.6854
1405 0.7147
1406 0.7428
1407 0.7564
1408 0.7826
1409 0.7951
1410 0.8191
1411 0.8306
1412 0.8417
1413 0.8523
1414 0.8725
1415 0.8821
1416 0.8912
1417 0.916
1418 0.9234
1419 0.9369
1420 0.9429
1421 0.9485
1422 0.9583
1423 0.9663
1424 0.9696
1425 0.9748
1426 0.9766
1427 0.978
1428 0.9794
1429 0.9794
1430 0.9789
1431 0.9765
1432 0.9723
1433 0.9695
1434 0.9662
1435 0.9584
1436 0.9538
1437 0.9487
1438 0.9374
1439 0.931
1440 0.9171
1441 0.9016
1442 0.8844
1443 0.8752
1444 0.8657
1445 0.8456
1446 0.8351
1447 0.8242
1448 0.8014
1449 0.7895
1450 0.7774
1451 0.7522
1452 0.7392
1453 0.7124
1454 0.6986
1455 0.6846
1456 0.656
1457 0.6414
1458 0.6116
1459 0.5964
1460 0.5655
1461 0.5499
1462 0.5182
1463 0.5023
1464 0.47
1465 0.4538
1466 0.4211
1467 0.4048
1468 0.3884
1469 0.3557
1470 0.323
1471 0.3067
1472 0.2905
1473 0.2744
1474 0.2424
1475 0.2107
1476 0.195
1477 0.1642
1478 0.149
1479 0.1192
1480 0.1045
1481 0.0901
1482 0.0619
1483 0.0482
1484 0.0215
1485 0.0086
1486 -0.0166
1487 -0.0287
1488 -0.0521
1489 -0.0633
1490 -0.0742
1491 -0.0949
1492 -0.1142
1493 -0.1234
1494 -0.1405
1495 -0.1485
1496 -0.1633
1497 -0.1702
1498 -0.1766
1499 -0.1826
1500 -0.1934
1501 -0.1982
1502 -0.2066
1503 -0.2102
1504 -0.2133
1505 -0.2183
1506 -0.2201
1507 -0.2226
1508 -0.2233
1509 -0.223
1510 -0.2223
1511 -0.2196
1512 -0.2176
1513 -0.2152
1514 -0.2091
1515 -0.2055
1516 -0.2014
1517 -0.1921
1518 -0.1869
1519 -0.1813
1520 -0.1689
1521 -0.1621
1522 -0.155
1523 -0.1397
1524 -0.1315
1525 -0.123
1526 -0.105
1527 -0.0955
1528 -0.0755
1529 -0.0651
1530 -0.0434
1531 -0.0206
1532 -0.0088
1533 0.0155
1534 0.0279
1535 0.0406
1536 0.0665
1537 0.0797
1538 0.0931
1539 0.1204
1540 0.1342
1541 0.1623
1542 0.1908
1543 0.2052
1544 0.2342
1545 0.2487
1546 0.278
1547 0.2926
1548 0.3073
1549 0.322
1550 0.3513
1551 0.3659
1552 0.3805
1553 0.3951
1554 0.424
1555 0.4384
1556 0.4527
1557 0.4669
1558 0.495
1559 0.5089
1560 0.5226
1561 0.5496
1562 0.5629
1563 0.5889
1564 0.6016
1565 0.6264
1566 0.6385
1567 0.6503
1568 0.6619
1569 0.6843
1570 0.6952
1571 0.7058
1572 0.7161
1573 0.7359
1574 0.7456
1575 0.7664
1576 0.7787
1577 0.8111
1578 0.8332
1579 0.8607
1580 0.9358
1581 0.9851
1582 1.1104
1583 1.0736
1584 0.8872
1585 0.8784
1586 0.8956
1587 0.9058
1588 0.9156
1589 0.9338
1590 0.9422
1591 0.9577
1592 0.9647
1593 0.9713
1594 0.9829
1595 0.9879
1596 0.9966
1597 1.0002
1598 1.006
1599 1.0081
1600 1.0097
1601 1.0114
1602 1.0115
1603 1.0111
1604 1.0103
1605 1.007
1606 1.0047
1607 1.0018
1608 0.9985
1609 0.9904
1610 0.9857
1611 0.9804
1612 0.9686
1613 0.962
1614 0.955
1615 0.9396
1616 0.9225
1617 0.9133
1618 0.8937
1619 0.8833
1620 0.8726
1621 0.85
1622 0.8382
1623 0.8136
1624 0.8007
1625 0.7876
1626 0.7741
1627 0.7472
1628 0.7336
1629 0.705
1630 0.69
1631 0.6592
1632 0.6435
1633 0.6117
1634 0.5795
1635 0.5467
1636 0.5301
1637 0.4966
1638 0.4461
1639 0.4292
1640 0.3955
1641 0.3788
1642 0.3454
1643 0.3301
1644 0.313
1645 0.3197
1646 0.3126
1647 0.3035
1648 0.3154
1649 0.3395
1650 0.3516
1651 0.3759
1652 0.4
1653 0.412
1654 0.424
1655 0.4475
1656 0.4592
1657 0.4823
1658 0.4936
1659 0.516
1660 0.527
1661 0.5486
1662 0.5591
1663 0.5695
1664 0.5897
1665 0.5994
1666 0.6091
1667 0.6276
1668 0.6365
1669 0.6452
1670 0.6619
1671 0.6699
1672 0.6776
1673 0.6923
1674 0.7058
1675 0.7121
1676 0.7239
1677 0.7293
1678 0.7344
1679 0.7391
1680 0.7477
1681 0.757
1682 0.7683
1683 0.7847
1684 0.8324
1685 0.8976
1686 0.9307
1687 0.9952
1688 1.0573
1689 1.0874
1690 1.1456
1691 1.1735
1692 1.2009
1693 1.2531
1694 1.2781
1695 1.326
1696 1.3487
1697 1.3706
1698 1.4118
1699 1.4312
1700 1.4673
1701 1.484
1702 1.5148
1703 1.5288
1704 1.5542
1705 1.5654
1706 1.5851
1707 1.5936
1708 1.6076
1709 1.6131
1710 1.6177
1711 1.6239
1712 1.6256
1713 1.6263
1714 1.6248
1715 1.6226
1716 1.6154
1717 1.6103
1718 1.5973
1719 1.59
1720 1.5852
1721 1.6032
1722 1.609
1723 1.6635
1724 1.6893
1725 1.7382
1726 1.7611
1727 1.7828
1728 1.8228
1729 1.8411
1730 1.8583
1731 1.889
1732 1.9026
1733 1.9262
1734 1.9361
1735 1.9525
1736 1.9589
1737 1.9679
1738 1.9724
1739 2.0246
1740 2.072
1741 2.1291
1742 2.2559
1743 2.3173
1744 2.3772
1745 2.4915
1746 2.546
1747 2.6498
1748 2.6988
1749 2.7914
1750 2.8347
1751 2.876
1752 2.9523
1753 2.9873
1754 3.0511
1755 3.0797
1756 3.1305
1757 3.1722
1758 3.1898
1759 3.2184
1760 3.2296
1761 3.2455
1762 3.2502
1763 3.2546
1764 3.2074
1765 3.3309
1766 3.3844
1767 3.4938
1768 3.5601
1769 3.624
1770 3.6851
1771 3.7995
1772 3.8526
1773 3.9508
1774 3.9955
1775 4.0764
1776 4.1125
1777 4.1757
1778 4.2028
1779 4.248
1780 4.266
1781 4.2811
1782 4.0749
1783 4.1928
1784 4.308
1785 4.5663
1786 4.7487
1787 4.8483
1788 5.041
1789 5.2188
1790 5.3822
1791 5.458
1792 5.5297
1793 5.5972
1794 5.6608
1795 5.776
1796 5.8276
1797 5.9184
1798 5.9574
1799 5.9922
1800 6.0486
1801 6.0703
1802 6.0877
1803 6.1095
1804 6.1138
1805 6.1139
1806 6.1013
1807 6.0752
1808 6.0615
1809 5.9605
1810 6.0126
1811 6.1292
1812 6.1649
1813 6.2273
1814 6.2621
1815 6.2958
1816 6.3524
1817 6.3998
1818 6.4215
1819 6.4514
1820 6.4638
1821 6.4872
1822 6.4995
1823 6.5118
1824 6.5485
1825 6.5765
1826 6.5882
1827 6.6028
1828 6.6063
1829 6.6096
1830 6.61
1831 6.6099
1832 6.6098
1833 6.614
1834 6.6254
1835 6.3318
1836 6.3752
1837 6.4599
1838 6.5469
1839 6.5917
1840 6.6764
1841 6.7781
1842 6.8081
1843 6.8351
1844 6.912
1845 6.9392
1846 6.9901
1847 7.0373
1848 7.0588
1849 7.0982
1850 7.1312
1851 7.1454
1852 7.1198
1853 7.0993
1854 7.0529
1855 7.0273
1856 6.9709
1857 6.9269
1858 6.9082
1859 6.8752
1860 6.8598
1861 6.8292
1862 6.7973
1863 6.7809
1864 6.7464
1865 6.7087
1866 6.6884
1867 6.6465
1868 6.6272
1869 6.5821
1870 6.5544
1871 6.5107
1872 6.4947
1873 6.4665
1874 6.4433
1875 6.4287
1876 6.4182
1877 6.3781
1878 6.3413
1879 6.3202
1880 6.2966
1881 6.2437
1882 6.2148
1883 6.1486
1884 6.1117
1885 5.6273
