0 0.7598
1 0.7598
2 0.7598
3 0.7598
4 0.7598
5 0.7598
6 0.7598
7 0.7598
8 0.7598
9 0.7598
10 0.7598
11 0.7599
12 0.7598
13 0.7598
14 0.7596
15 0.7595
16 0.7593
17 0.7592
18 0.7591
19 0.7587
20 0.7586
21 0.7584
22 0.758
23 0.7578
24 0.7573
25 0.7571
26 0.7568
27 0.7565
28 0.7559
29 0.7556
30 0.7553
31 0.7546
32 0.7538
33 0.7533
34 0.7529
35 0.752
36 0.7515
37 0.7504
38 0.7499
39 0.7493
40 0.7487
41 0.7474
42 0.7467
43 0.746
44 0.7446
45 0.743
46 0.7421
47 0.7403
48 0.7394
49 0.7385
50 0.7365
51 0.7354
52 0.7343
53 0.7332
54 0.7308
55 0.7296
56 0.727
57 0.7256
58 0.7228
59 0.7213
60 0.7197
61 0.7181
62 0.7148
63 0.7131
64 0.7113
65 0.7094
66 0.7056
67 0.7036
68 0.6995
69 0.6951
70 0.6928
71 0.6905
72 0.6856
73 0.6831
74 0.6805
75 0.6779
76 0.6752
77 0.6697
78 0.6638
79 0.6577
80 0.6546
81 0.6513
82 0.6447
83 0.6378
84 0.6342
85 0.6305
86 0.6268
87 0.6191
88 0.6152
89 0.6112
90 0.6029
91 0.5986
92 0.5899
93 0.5854
94 0.5808
95 0.5714
96 0.5666
97 0.5617
98 0.5516
99 0.5412
100 0.5412
101 0.5305
102 0.5253
103 0.5154
104 0.5109
105 0.5067
106 0.4999
107 0.4976
108 0.4962
109 0.4959
110 0.4813
111 0.4755
112 0.4701
113 0.4602
114 0.4351
115 0.4275
116 0.42
117 0.4163
118 0.4087
119 0.4008
120 0.3968
121 0.3927
122 0.3886
123 0.3801
124 0.3622
125 0.3575
126 0.3527
127 0.3479
128 0.343
129 0.3331
130 0.328
131 0.3229
132 0.3176
133 0.307
134 0.3016
135 0.2906
136 0.285
137 0.2735
138 0.2677
139 0.2618
140 0.2499
141 0.2378
142 0.2378
143 0.2254
144 0.2192
145 0.2065
146 0.2001
147 0.1871
148 0.1805
149 0.1739
150 0.1606
151 0.1539
152 0.1471
153 0.1336
154 0.1267
155 0.1129
156 0.106
157 0.0921
158 0.078
159 0.0712
160 0.0571
161 0.0502
162 0.0431
163 0.0362
164 0.0291
165 0.0223
166 0.0085
167 0.0015
168 -0.0124
169 -0.0191
170 -0.0261
171 -0.0398
172 -0.0464
173 -0.0598
174 -0.0665
175 -0.0797
176 -0.0861
177 -0.0927
178 -0.0989
179 -0.1053
180 -0.1115
181 -0.1237
182 -0.1298
183 -0.1357
184 -0.1417
185 -0.1532
186 -0.1587
187 -0.1643
188 -0.175
189 -0.1802
190 -0.1854
191 -0.1902
192 -0.1999
193 -0.2046
194 -0.209
195 -0.2134
196 -0.2176
197 -0.2257
198 -0.2296
199 -0.2333
200 -0.2369
201 -0.2436
202 -0.2467
203 -0.2525
204 -0.2551
205 -0.2576
206 -0.2621
207 -0.2659
208 -0.2676
209 -0.269
210 -0.2714
211 -0.2723
212 -0.2736
213 -0.274
214 -0.2741
215 -0.2739
216 -0.2735
217 -0.2729
218 -0.2721
219 -0.2699
220 -0.2685
221 -0.2669
222 -0.2631
223 -0.2609
224 -0.2586
225 -0.2559
226 -0.2501
227 -0.247
228 -0.2435
229 -0.24
230 -0.2361
231 -0.228
232 -0.2236
233 -0.2143
234 -0.2093
235 -0.1987
236 -0.1875
237 -0.1816
238 -0.1693
239 -0.1627
240 -0.1562
241 -0.1425
242 -0.1353
243 -0.1205
244 -0.1131
245 -0.0975
246 -0.0889
247 -0.0701
248 -0.0599
249 -0.0487
250 -0.0374
251 -0.0129
252 -0.003
253 0.0152
254 0.0299
255 0.0449
256 0.0769
257 0.0939
258 0.1106
259 0.1444
260 0.1782
261 0.1954
262 0.229
263 0.2456
264 0.2625
265 0.2956
266 0.3118
267 0.3282
268 0.3441
269 0.3602
270 0.3915
271 0.4066
272 0.4219
273 0.4658
274 0.4802
275 0.494
276 0.5078
277 0.521
278 0.5467
279 0.5592
280 0.5711
281 0.5941
282 0.6051
283 0.6155
284 0.6353
285 0.6446
286 0.6534
287 0.6697
288 0.6772
289 0.6841
290 0.6966
291 0.7021
292 0.7116
293 0.7156
294 0.719
295 0.7219
296 0.7261
297 0.7273
298 0.7281
299 0.7278
300 0.7253
301 0.7231
302 0.7204
303 0.7133
304 0.7088
305 0.7039
306 0.6983
307 0.6854
308 0.6782
309 0.6703
310 0.662
311 0.6435
312 0.6333
313 0.6228
314 0.6116
315 0.6
316 0.5752
317 0.5619
318 0.5483
319 0.534
320 0.5042
321 0.4726
322 0.4563
323 0.4221
324 0.4042
325 0.3862
326 0.3677
327 0.3298
328 0.3105
329 0.2906
330 0.2708
331 0.23
332 0.2092
333 0.1884
334 0.146
335 0.1245
336 0.1031
337 0.0597
338 0.0378
339 -0.0059
340 -0.0276
341 -0.0714
342 -0.0933
343 -0.1148
344 -0.1365
345 -0.179
346 -0.1993
347 -0.219
348 -0.2376
349 -0.2556
350 -0.287
351 -0.3007
352 -0.3135
353 -0.325
354 -0.3443
355 -0.3526
356 -0.3605
357 -0.3748
358 -0.3813
359 -0.3873
360 -0.3978
361 -0.4022
362 -0.4062
363 -0.4096
364 -0.4125
365 -0.4167
366 -0.4179
367 -0.4186
368 -0.4187
369 -0.4183
370 -0.4157
371 -0.4135
372 -0.4107
373 -0.4073
374 -0.3989
375 -0.3938
376 -0.3881
377 -0.3676
378 -0.3595
379 -0.351
380 -0.3321
381 -0.3219
382 -0.3111
383 -0.2998
384 -0.2756
385 -0.2628
386 -0.2357
387 -0.2066
388 -0.1913
389 -0.1596
390 -0.1262
391 -0.109
392 -0.0913
393 -0.0735
394 -0.0368
395 -0.0179
396 0.0204
397 0.0595
398 0.0793
399 0.0994
400 0.1397
401 0.1599
402 0.2209
403 0.2413
404 0.2616
405 0.302
406 0.3219
407 0.3613
408 0.3808
409 0.3999
410 0.4188
411 0.4556
412 0.491
413 0.5082
414 0.5412
415 0.557
416 0.5872
417 0.6151
418 0.6288
419 0.643
420 0.673
421 0.6881
422 0.7201
423 0.7366
424 0.7702
425 0.7867
426 0.8022
427 0.8307
428 0.8435
429 0.8554
430 0.8761
431 0.8927
432 0.8995
433 0.9051
434 0.9096
435 0.9152
436 0.9163
437 0.915
438 0.909
439 0.9042
440 0.8983
441 0.8831
442 0.8737
443 0.8515
444 0.8247
445 0.8096
446 0.7761
447 0.7576
448 0.7175
449 0.6959
450 0.6732
451 0.6249
452 0.5993
453 0.5454
454 0.517
455 0.4578
456 0.427
457 0.3955
458 0.3304
459 0.2969
460 0.2629
461 0.1932
462 0.1217
463 0.0854
464 0.0487
465 -0.0253
466 -0.0625
467 -0.1373
468 -0.1747
469 -0.2121
470 -0.2493
471 -0.323
472 -0.3594
473 -0.4313
474 -0.4666
475 -0.5014
476 -0.5691
477 -0.6019
478 -0.634
479 -0.6957
480 -0.7537
481 -0.7813
482 -0.8079
483 -0.8574
484 -0.8804
485 -0.9198
486 -0.9356
487 -0.9602
488 -0.9677
489 -0.9728
490 -0.9755
491 -0.9732
492 -0.9692
493 -0.9564
494 -0.9369
495 -0.9247
496 -0.9108
497 -0.8782
498 -0.8594
499 -0.8169
500 -0.7681
501 -0.7412
502 -0.683
503 -0.6188
504 -0.5846
505 -0.5119
506 -0.4736
507 -0.3513
508 -0.3081
509 -0.2638
510 -0.1726
511 -0.1256
512 -0.0293
513 0.02
514 0.0698
515 0.1707
516 0.2218
517 0.3768
518 0.4288
519 0.4809
520 0.5846
521 0.636
522 0.687
523 0.7874
524 0.8367
525 0.9329
526 0.9797
527 1.0256
528 1.1137
529 1.156
530 1.1969
531 1.2742
532 1.3451
533 1.3781
534 1.4386
535 1.4913
536 1.5147
537 1.5548
538 1.6208
539 1.6239
540 1.6171
541 1.6099
542 1.5875
543 1.5546
544 1.5341
545 1.511
546 1.4576
547 1.3994
548 1.369
549 1.3096
550 1.2765
551 1.2442
552 1.2127
553 1.1477
554 1.1119
555 1.0337
556 0.9914
557 0.9008
558 0.8526
559 0.8025
560 0.6973
561 0.6422
562 0.5856
563 0.4681
564 0.4074
565 0.2824
566 0.2183
567 0.1533
568 0.0211
569 -0.046
570 -0.1136
571 -0.1815
572 -0.3179
573 -0.3862
574 -0.4544
575 -0.5224
576 -0.6571
577 -0.7237
578 -0.7896
579 -0.8546
580 -0.9813
581 -1.043
582 -1.1033
583 -1.1621
584 -1.2747
585 -1.3283
586 -1.3801
587 -1.4772
588 -1.5225
589 -1.5653
590 -1.6433
591 -1.6783
592 -1.7399
593 -1.7664
594 -1.7898
595 -1.8101
596 -1.8409
597 -1.8514
598 -1.8585
599 -1.8624
600 -1.859
601 -1.8417
602 -1.8101
603 -1.789
604 -1.7351
605 -1.6633
606 -1.6255
607 -1.5721
608 -1.5196
609 -1.4016
610 -1.3375
611 -1.1997
612 -1.0498
613 -0.9705
614 -0.8039
615 -0.6272
616 -0.5354
617 -0.3454
618 -0.0468
619 0.0561
620 0.1604
621 0.3714
622 0.478
623 0.585
624 0.6922
625 0.9063
626 1.013
627 1.1191
628 1.329
629 1.4325
630 1.6358
631 1.7352
632 1.8328
633 2.0214
634 2.1122
635 2.2004
636 2.3678
637 2.5223
638 2.5943
639 2.6625
640 2.7863
641 2.8417
642 2.8927
643 2.9805
644 3.017
645 3.0486
646 3.0749
647 3.1115
648 3.1216
649 3.1253
650 3.1065
651 3.0886
652 3.065
653 3.0026
654 2.9333
655 2.8867
656 2.8432
657 2.7904
658 2.6808
659 2.6201
660 2.5553
661 2.4854
662 2.3308
663 2.2461
664 2.1567
665 1.9645
666 1.8619
667 1.7551
668 1.6445
669 1.5302
670 1.2911
671 1.0387
672 0.9078
673 0.7743
674 0.5001
675 0.3598
676 0.2175
677 -0.0715
678 -0.218
679 -0.3654
680 -0.6617
681 -0.8103
682 -0.9588
683 -1.1068
684 -1.2541
685 -1.5458
686 -1.6899
687 -1.8325
688 -1.9732
689 -2.2477
690 -2.3808
691 -2.511
692 -2.7607
693 -2.88
694 -2.9954
695 -3.1063
696 -3.211
697 -3.4005
698 -3.4845
699 -3.5623
700 -3.6325
701 -3.7583
702 -3.8175
703 -3.8731
704 -3.9726
705 -4.0164
706 -4.0558
707 -4.0919
708 -4.1242
709 -4.1767
710 -4.1948
711 -4.2016
712 -4.1886
713 -4.1297
714 -4.0882
715 -4.0381
716 -3.7697
717 -3.5937
718 -3.4964
719 -3.391
720 -3.2791
721 -3.0361
722 -2.9044
723 -2.6221
724 -2.4725
725 -2.1603
726 -1.9981
727 -1.8321
728 -1.49
729 -1.3141
730 -1.1353
731 -0.77
732 -0.3952
733 -0.2046
734 -0.0123
735 0.3759
736 0.7688
737 0.8674
738 1.0807
739 -1.857
740 1.8975
741 2.0036
742 2.398
743 2.5978
744 3.0021
745 3.2035
746 3.5988
747 3.7905
748 3.9793
749 4.3481
750 4.7074
751 4.8827
752 5.055
753 5.3924
754 5.5565
755 5.876
756 6.033
757 6.3461
758 6.6583
759 6.9629
760 7.1117
761 7.4018
762 7.5461
763 7.8321
764 7.9711
765 8.1067
766 8.3702
767 8.6171
768 8.731
769 8.837
770 9.0278
771 9.1124
772 9.1897
773 9.3247
774 9.3829
775 9.4352
776 9.5227
777 9.5578
778 8.8203
779 8.5854
780 8.4587
781 8.1879
782 8.0443
783 7.8957
784 7.6034
785 7.453
786 7.298
787 6.9871
788 6.8322
789 6.6757
790 6.2089
791 6.051
792 5.8967
793 5.5936
794 5.445
795 5.2992
796 5.1564
797 5.0168
798 4.7601
799 4.638
800 4.52
801 4.2983
802 4.098
803 4.0043
804 3.9161
805 3.7589
806 3.6896
807 3.5711
808 3.5224
809 3.4477
810 3.019
