0 0.7598
1 0.7598
2 0.7598
3 0.7598
4 0.7598
5 0.7598
6 0.7598
7 0.7598
8 0.7598
9 0.7598
10 0.7598
11 0.7598
12 0.7599
13 0.7598
14 0.7598
15 0.7597
16 0.7596
17 0.7595
18 0.7594
19 0.7593
20 0.7592
21 0.759
22 0.759
23 0.7588
24 0.7584
25 0.7583
26 0.7581
27 0.758
28 0.7576
29 0.7572
30 0.7568
31 0.7566
32 0.7563
33 0.7561
34 0.7556
35 0.7553
36 0.755
37 0.7547
38 0.7537
39 0.7534
40 0.7531
41 0.7523
42 0.752
43 0.7516
44 0.7507
45 0.7503
46 0.7498
47 0.7489
48 0.7484
49 0.7474
50 0.7468
51 0.7457
52 0.7451
53 0.7445
54 0.7438
55 0.7432
56 0.7418
57 0.741
58 0.7403
59 0.7387
60 0.7378
61 0.7361
62 0.7352
63 0.7342
64 0.7332
65 0.7312
66 0.7301
67 0.7278
68 0.7266
69 0.7254
70 0.7241
71 0.7215
72 0.7201
73 0.7187
74 0.7173
75 0.7142
76 0.7127
77 0.711
78 0.7077
79 0.706
80 0.7023
81 0.7005
82 0.6966
83 0.6966
84 0.6925
85 0.6904
86 0.6882
87 0.686
88 0.6837
89 0.679
90 0.6766
91 0.6741
92 0.6716
93 0.669
94 0.6663
95 0.6608
96 0.658
97 0.6551
98 0.6491
99 0.6429
100 0.6397
101 0.6365
102 0.6332
103 0.6263
104 0.6228
105 0.6155
106 0.6118
107 0.608
108 0.6002
109 0.5964
110 0.5928
111 0.5894
112 0.5862
113 0.5833
114 0.5788
115 0.5774
116 0.5768
117 0.5754
118 0.5678
119 0.5598
120 0.5562
121 0.553
122 0.5499
123 0.5444
124 0.5302
125 0.5259
126 0.5214
127 0.5192
128 0.5169
129 0.5145
130 0.5119
131 0.498
132 0.4949
133 0.4918
134 0.4854
135 0.4822
136 0.4787
137 0.4717
138 0.4642
139 0.4603
140 0.4523
141 0.4482
142 0.444
143 0.4397
144 0.4352
145 0.4261
146 0.4214
147 0.4165
148 0.4066
149 0.4015
150 0.3963
151 0.3857
152 0.3802
153 0.3746
154 0.3689
155 0.3632
156 0.3573
157 0.3452
158 0.339
159 0.3326
160 0.3263
161 0.3132
162 0.3064
163 0.2996
164 0.2858
165 0.2787
166 0.2715
167 0.257
168 0.242
169 0.2344
170 0.2266
171 0.2112
172 0.2032
173 0.1953
174 0.1871
175 0.1708
176 0.1625
177 0.1538
178 0.1368
179 0.1282
180 0.1193
181 0.1105
182 0.1015
183 0.0833
184 0.0742
185 0.0648
186 0.0555
187 0.046
188 0.0271
189 0.0175
190 -0.0019
191 -0.0118
192 -0.0216
193 -0.0315
194 -0.0413
195 -0.0514
196 -0.0716
197 -0.0817
198 -0.092
199 -0.1125
200 -0.1226
201 -0.133
202 -0.1432
203 -0.1639
204 -0.1744
205 -0.1849
206 -0.2057
207 -0.2374
208 -0.2585
209 -0.269
210 -0.2795
211 -0.2897
212 -0.3001
213 -0.321
214 -0.3313
215 -0.3418
216 -0.3624
217 -0.3725
218 -0.3829
219 -0.3929
220 -0.4131
221 -0.4233
222 -0.4333
223 -0.4434
224 -0.4532
225 -0.4728
226 -0.4827
227 -0.5021
228 -0.5116
229 -0.5304
230 -0.5398
231 -0.5489
232 -0.5668
233 -0.5757
234 -0.5844
235 -0.5931
236 -0.6099
237 -0.6181
238 -0.6344
239 -0.6424
240 -0.6502
241 -0.6579
242 -0.6653
243 -0.6799
244 -0.694
245 -0.7009
246 -0.714
247 -0.7201
248 -0.7322
249 -0.7434
250 -0.7489
251 -0.754
252 -0.759
253 -0.7637
254 -0.7727
255 -0.777
256 -0.781
257 -0.7882
258 -0.7909
259 -0.7941
260 -0.7946
261 -0.7934
262 -0.7919
263 -0.7862
264 -0.7822
265 -0.7724
266 -0.7664
267 -0.7598
268 -0.7531
269 -0.7389
270 -0.7316
271 -0.7241
272 -0.7088
273 -0.7009
274 -0.6929
275 -0.6847
276 -0.6678
277 -0.6591
278 -0.6413
279 -0.6413
280 -0.6132
281 -0.594
282 -0.574
283 -0.5639
284 -0.5537
285 -0.5333
286 -0.5229
287 -0.5123
288 -0.4911
289 -0.4911
290 -0.4696
291 -0.4587
292 -0.4476
293 -0.4255
294 -0.4143
295 -0.403
296 -0.3917
297 -0.3689
298 -0.3573
299 -0.3458
300 -0.3227
301 -0.311
302 -0.2877
303 -0.2761
304 -0.2643
305 -0.2411
306 -0.2296
307 -0.2179
308 -0.1949
309 -0.1835
310 -0.1719
311 -0.1606
312 -0.1492
313 -0.1264
314 -0.1152
315 -0.1038
316 -0.0816
317 -0.0596
318 -0.0487
319 -0.0273
320 -0.0168
321 0.0039
322 0.014
323 0.0242
324 0.0438
325 0.0534
326 0.063
327 0.0815
328 0.0906
329 0.0995
330 0.1082
331 0.1253
332 0.1337
333 0.1419
334 0.1652
335 0.1799
336 0.1939
337 0.2005
338 0.2069
339 0.219
340 0.2247
341 0.2303
342 0.2407
343 0.2455
344 0.2503
345 0.2589
346 0.2629
347 0.2667
348 0.2736
349 0.2766
350 0.2795
351 0.2821
352 0.2889
353 0.2913
354 0.2978
355 0.302
356 0.3068
357 0.3128
358 0.3234
359 0.3375
360 0.3457
361 0.3538
362 0.3689
363 0.3759
364 0.389
365 0.3951
366 0.4007
367 0.411
368 0.4156
369 0.4198
370 0.4237
371 0.4304
372 0.4357
373 0.4378
374 0.4396
375 0.4409
376 0.442
377 0.443
378 0.443
379 0.4426
380 0.4419
381 0.4393
382 0.4376
383 0.4354
384 0.433
385 0.427
386 0.4234
387 0.4196
388 0.4153
389 0.406
390 0.4008
391 0.3953
392 0.3834
393 0.3771
394 0.3703
395 0.3634
396 0.3561
397 0.3407
398 0.3325
399 0.3241
400 0.3155
401 0.2973
402 0.2879
403 0.2782
404 0.2683
405 0.2478
406 0.2373
407 0.2264
408 0.2155
409 0.193
410 0.1815
411 0.1578
412 0.1338
413 0.1216
414 0.1093
415 0.097
416 0.0721
417 0.0594
418 0.0466
419 0.0339
420 0.0081
421 -0.0049
422 -0.0179
423 -0.0309
424 -0.0439
425 -0.07
426 -0.0831
427 -0.1094
428 -0.1224
429 -0.1476
430 -0.1586
431 -0.1771
432 -0.1849
433 -0.1907
434 -0.1955
435 -0.2018
436 -0.2036
437 -0.2051
438 -0.2066
439 -0.2095
440 -0.211
441 -0.2124
442 -0.2138
443 -0.2164
444 -0.2177
445 -0.219
446 -0.2202
447 -0.2226
448 -0.2237
449 -0.2259
450 -0.2269
451 -0.2279
452 -0.2288
453 -0.2306
454 -0.2314
455 -0.2321
456 -0.2336
457 -0.2342
458 -0.2353
459 -0.2358
460 -0.2363
461 -0.2367
462 -0.2373
463 -0.2376
464 -0.2378
465 -0.2379
466 -0.2381
467 -0.2381
468 -0.2379
469 -0.2378
470 -0.2373
471 -0.237
472 -0.2362
473 -0.2353
474 -0.2347
475 -0.2341
476 -0.2327
477 -0.2319
478 -0.2311
479 -0.2302
480 -0.2283
481 -0.2273
482 -0.2262
483 -0.2251
484 -0.2227
485 -0.2215
486 -0.2188
487 -0.2174
488 -0.2145
489 -0.213
490 -0.2114
491 -0.2098
492 -0.2065
493 -0.2047
494 -0.203
495 -0.1994
496 -0.1976
497 -0.1957
498 -0.1919
499 -0.1899
500 -0.1873
501 -0.1834
502 -0.1729
503 -0.1666
504 -0.1459
505 -0.123
506 -0.1104
507 -0.0978
508 -0.0731
509 -0.0611
510 -0.0373
511 -0.0258
512 0.0079
513 0.0291
514 0.0494
515 0.0591
516 0.0773
517 0.086
518 0.1024
519 0.1102
520 0.1249
521 0.1317
522 0.1446
523 0.1505
524 0.1561
525 0.1663
526 0.1709
527 0.1751
528 0.179
529 0.1859
530 0.1889
531 0.1915
532 0.1938
533 0.1974
534 0.1987
535 0.2004
536 0.2008
537 0.2008
538 0.1999
539 0.199
540 0.1962
541 0.1943
542 0.1922
543 0.1898
544 0.184
545 0.1807
546 0.1771
547 0.1733
548 0.1648
549 0.1602
550 0.1553
551 0.1448
552 0.1393
553 0.1335
554 0.1275
555 0.1213
556 0.1083
557 0.1014
558 0.0872
559 0.0799
560 0.0724
561 0.057
562 0.0078
563 -0.0187
564 -0.0278
565 -0.0359
566 -0.0507
567 0.0612
568 0.0689
569 -0.0534
570 -0.0394
571 -0.025
572 -0.0163
573 0.0004
574 0.0083
575 0.0161
576 0.0234
577 0.0375
578 0.0506
579 0.0567
580 0.0626
581 0.0732
582 0.0781
583 0.0827
584 0.091
585 0.0946
586 0.098
587 0.1038
588 0.1062
589 0.1083
590 0.1116
591 0.1127
592 0.1136
593 0.1144
594 0.1144
595 0.1135
596 0.1126
597 0.1114
598 0.1082
599 0.1062
600 0.1039
601 0.1013
602 0.0985
603 0.0922
604 0.0886
605 0.0848
606 0.0766
607 0.0722
608 0.0626
609 0.0575
610 0.0522
611 0.0412
612 0.0355
613 0.0296
614 0.0173
615 0.011
616 0.0046
617 -0.0086
618 -0.0153
619 -0.0221
620 -0.036
621 -0.0429
622 -0.0491
623 -0.0548
624 -0.0606
625 -0.0625
626 -0.0628
627 -0.0619
628 -0.0598
629 -0.0589
630 -0.0581
631 -0.0569
632 -0.0565
633 -0.056
634 -0.0559
635 -0.0559
636 -0.0563
637 -0.0567
638 -0.0572
639 -0.0578
640 -0.0593
641 -0.0602
642 -0.0613
643 -0.0636
644 -0.0649
645 -0.0679
646 -0.0712
647 -0.073
648 -0.0749
649 -0.0789
650 -0.0809
651 -0.0854
652 -0.0877
653 -0.09
654 -0.0924
655 -0.0975
656 -0.1001
657 -0.1027
658 -0.1054
659 -0.1108
660 -0.1136
661 -0.1165
662 -0.1193
663 -0.1251
664 -0.128
665 -0.1338
666 -0.1368
667 -0.1397
668 -0.1455
669 -0.1484
670 -0.1512
671 -0.1567
672 -0.1566
673 -0.1578
674 -0.1507
675 -0.1279
676 -0.1092
677 -0.0744
678 -0.0565
679 -0.0388
680 -0.0215
681 0.0122
682 0.0449
683 0.0608
684 0.091
685 0.1054
686 0.1193
687 0.1327
688 0.1581
689 0.1702
690 0.1818
691 0.1929
692 0.2135
693 0.223
694 0.2321
695 0.2405
696 0.2484
697 0.2626
698 0.2689
699 0.2799
700 0.2845
701 0.2886
702 0.292
703 0.2972
704 0.299
705 0.3009
706 0.3009
707 0.3004
708 0.2978
709 0.2956
710 0.2817
711 0.2769
712 0.2716
713 0.2597
714 0.2532
715 0.2461
716 0.2309
717 0.2226
718 0.214
719 0.1957
720 0.1759
721 0.1655
722 0.1549
723 0.144
724 0.1213
725 0.1096
726 0.0975
727 0.0854
728 0.0604
729 0.0476
730 0.0346
731 0.0084
732 -0.0048
733 -0.0181
734 -0.0447
735 -0.058
736 -0.0714
737 -0.0847
738 -0.1246
739 -0.1378
740 -0.1507
741 -0.1767
742 0.1983
743 0.2137
744 -0.1642
745 -0.1507
746 -0.1365
747 -0.1196
748 -0.0863
749 -0.0699
750 -0.0537
751 -0.0379
752 -0.0071
753 0.0079
754 0.0226
755 0.0637
756 0.0765
757 0.089
758 0.1007
759 0.1228
760 0.1431
761 0.1525
762 0.1696
763 0.1773
764 0.1844
765 0.1909
766 0.2023
767 0.2072
768 0.2116
769 0.2185
770 0.2212
771 0.2232
772 0.2247
773 0.2261
774 0.2259
775 0.2241
776 0.2223
777 0.22
778 0.2172
779 0.2102
780 0.2079
781 0.2117
782 0.2267
783 0.2368
784 0.2464
785 0.2553
786 0.2636
787 0.2782
788 0.2846
789 0.2903
790 0.2953
791 0.3033
792 0.3063
793 0.3113
794 0.3116
795 0.3112
796 0.3101
797 0.306
798 0.303
799 0.2993
800 0.295
801 0.2901
802 0.2846
803 0.2717
804 0.2644
805 0.2566
806 0.2393
807 0.2298
808 0.2199
809 0.2095
810 0.1987
811 0.1756
812 0.1633
813 0.1376
814 0.1242
815 0.1105
816 0.0965
817 0.0822
818 0.0749
819 -0.1312
820 0.1023
821 0.0985
822 0.1126
823 0.1445
824 0.159
825 0.1859
826 0.198
827 0.22
828 0.2298
829 0.2388
830 0.2542
831 0.2607
832 0.2713
833 0.2754
834 0.2812
835 0.2829
836 0.2839
837 0.2841
838 0.2821
839 0.2801
840 0.2773
841 0.2738
842 0.2646
843 0.259
844 0.2527
845 0.2458
846 0.2301
847 0.2213
848 0.2119
849 0.202
850 0.1805
851 0.169
852 0.1569
853 0.1316
854 0.1183
855 0.1045
856 0.0905
857 0.0613
858 0.0461
859 0.0306
860 0.015
861 -0.0171
862 -0.0335
863 -0.0502
864 -0.0669
865 -0.1007
866 -0.1179
867 -0.1351
868 -0.1693
869 -0.1864
870 -0.2205
871 -0.2374
872 -0.2542
873 -0.2871
874 -0.3032
875 -0.335
876 -0.3505
877 -0.3658
878 -0.3807
879 -0.4096
880 -0.4237
881 -0.4374
882 -0.4507
883 -0.4633
884 -0.4877
885 -0.5067
886 -0.4861
887 -0.4736
888 -0.4303
889 -0.408
890 -0.3628
891 -0.3404
892 -0.2954
893 -0.2732
894 -0.2511
895 -0.2294
896 -0.1865
897 -0.1653
898 -0.1444
899 -0.124
900 -0.084
901 -0.0645
902 -0.0454
903 -0.0269
904 0.0088
905 0.026
906 0.0427
907 0.0741
908 0.1031
909 0.1167
910 0.1296
911 0.1531
912 0.1694
913 0.2319
914 0.2752
915 0.3241
916 0.4198
917 0.4198
918 0.5103
919 0.553
920 0.5948
921 0.6346
922 0.7096
923 0.7448
924 0.7784
925 0.8099
926 0.8396
927 0.8939
928 0.9184
929 0.941
930 0.9615
931 0.9969
932 1.0117
933 1.0246
934 1.0355
935 1.0513
936 1.0564
937 1.0595
938 1.0606
939 1.0598
940 1.0526
941 1.0462
942 1.0379
943 1.016
944 1.0023
945 0.987
946 0.9515
947 0.9313
948 0.8861
949 0.8614
950 0.8258
951 0.8271
952 0.8454
953 0.8641
954 0.8812
955 0.8966
956 0.9102
957 0.9319
958 0.94
959 0.9508
960 0.9533
961 0.953
962 0.95
963 0.9453
964 0.9388
965 0.9206
966 0.8955
967 0.8804
968 0.8455
969 0.8047
970 0.7577
971 0.7577
972 0.7055
973 0.6776
974 0.6482
975 0.6106
976 0.5998
977 0.5962
978 0.5967
979 0.5958
980 0.5936
981 0.59
982 0.5787
983 0.5621
984 0.54
985 0.54
986 0.5131
987 0.4979
988 0.4634
989 0.4445
990 0.4244
991 0.4033
992 0.3812
993 0.3339
994 0.3087
995 0.2826
996 0.2284
997 0.2001
998 0.1711
999 0.1117
1000 0.0811
1001 0.05
1002 0.0186
1003 -0.0456
1004 -0.0784
1005 -0.145
1006 -0.1785
1007 -0.2122
1008 -0.2458
1009 -0.3132
1010 -0.347
1011 -0.3808
1012 -0.4142
1013 -0.4806
1014 -0.5135
1015 -0.5399
1016 -0.5569
1017 -0.5112
1018 -0.4677
1019 -0.4239
1020 -0.3377
1021 -0.2534
1022 -0.2121
1023 -0.1719
1024 -0.0954
1025 -0.0586
1026 0.0122
1027 0.0458
1028 0.1097
1029 0.1396
1030 0.1684
1031 0.2211
1032 0.2454
1033 0.2684
1034 0.2897
1035 0.3283
1036 0.3455
1037 0.3613
1038 0.3754
1039 0.3994
1040 0.4092
1041 0.4176
1042 0.4296
1043 0.4358
1044 0.4479
1045 0.4678
1046 0.5255
1047 0.5539
1048 0.5806
1049 0.6051
1050 0.6279
1051 0.6679
1052 0.6851
1053 0.7004
1054 0.7136
1055 0.7343
1056 0.7418
1057 0.7473
1058 0.7523
1059 0.752
1060 0.7497
1061 0.7455
1062 0.7394
1063 0.7218
1064 0.7103
1065 0.697
1066 0.6655
1067 0.6503
1068 0.669
1069 0.6693
1070 0.6967
1071 0.7688
1072 0.8048
1073 0.8388
1074 0.8701
1075 0.9257
1076 0.9498
1077 0.9716
1078 0.9907
1079 1.0214
1080 1.0331
1081 1.0424
1082 1.0529
1083 1.0544
1084 1.0534
1085 1.0499
1086 1.044
1087 1.0251
1088 0.9967
1089 0.9789
1090 0.9591
1091 0.9371
1092 0.913
1093 0.8586
1094 0.8283
1095 0.7256
1096 0.6484
1097 0.5644
1098 0.4762
1099 0.3841
1100 0.3368
1101 0.2888
1102 0.2403
1103 0.1408
1104 0.0381
1105 -0.0138
1106 -0.0589
1107 -0.0968
1108 -0.1126
1109 -0.1165
1110 -0.1104
1111 -0.1048
1112 -0.1
1113 -0.096
1114 -0.0904
1115 -0.0888
1116 -0.0882
1117 -0.0892
1118 -0.0937
1119 -0.0972
1120 -0.1016
1121 -0.1068
1122 -0.1195
1123 -0.1271
1124 -0.1354
1125 -0.1445
1126 -0.1649
1127 -0.1763
1128 -0.1883
1129 -0.2009
1130 -0.2282
1131 -0.2428
1132 -0.258
1133 -0.2737
1134 -0.3067
1135 -0.3239
1136 -0.3417
1137 -0.3597
1138 -0.3971
1139 -0.4163
1140 -0.4359
1141 -0.4742
1142 -0.4907
1143 -0.4959
1144 -0.4888
1145 -0.4834
1146 -0.4783
1147 -0.4735
1148 -0.4649
1149 -0.4612
1150 -0.4578
1151 -0.4549
1152 -0.45
1153 -0.4482
1154 -0.4467
1155 -0.4449
1156 -0.4446
1157 -0.445
1158 -0.4458
1159 -0.4486
1160 -0.4505
1161 -0.4527
1162 -0.4582
1163 -0.4614
1164 -0.4604
1165 -0.4585
1166 -0.4204
1167 -0.3514
1168 -0.3159
1169 -0.2812
1170 -0.2476
1171 -0.1831
1172 -0.0933
1173 -0.0653
1174 -0.0137
1175 0.0096
1176 0.0316
1177 0.071
1178 0.0886
1179 0.1049
1180 0.1328
1181 0.1446
1182 0.155
1183 0.1639
1184 0.1776
1185 0.1824
1186 0.1878
1187 0.1884
1188 0.1877
1189 0.1821
1190 0.1774
1191 0.164
1192 0.1554
1193 0.1346
1194 0.1224
1195 0.1091
1196 0.0795
1197 0.0631
1198 0.0458
1199 0.0276
1200 -0.0116
1201 -0.0325
1202 -0.0542
1203 -0.0995
1204 -0.1231
1205 -0.1474
1206 -0.172
1207 -0.223
1208 -0.2724
1209 -0.2953
1210 -0.312
1211 -0.3124
1212 -0.3109
1213 -0.3098
1214 -0.3089
1215 -0.3092
1216 -0.3099
1217 -0.3128
1218 -0.3149
1219 -0.3175
1220 -0.3206
1221 -0.3241
1222 -0.3323
1223 -0.3371
1224 -0.3423
1225 -0.3479
1226 -0.3603
1227 -0.367
1228 -0.3741
1229 -0.3892
1230 -0.3972
1231 -0.4056
1232 -0.4141
1233 -0.4229
1234 -0.4414
1235 -0.451
1236 -0.4608
1237 -0.4707
1238 -0.4808
1239 -0.5014
1240 -0.512
1241 -0.5226
1242 -0.5333
1243 -0.5548
1244 -0.5616
1245 -0.5639
1246 -0.5608
1247 -0.5355
1248 -0.491
1249 -0.4762
1250 -0.4617
1251 -0.4478
1252 -0.421
1253 -0.4081
1254 -0.3956
1255 -0.3836
1256 -0.3719
1257 -0.3607
1258 -0.3396
1259 -0.3297
1260 -0.3202
1261 -0.303
1262 -0.2951
1263 -0.2878
1264 -0.2811
1265 -0.2692
1266 -0.264
1267 -0.2594
1268 -0.2553
1269 -0.2487
1270 -0.2463
1271 -0.2443
1272 -0.2421
1273 -0.2418
1274 -0.242
1275 -0.2427
1276 -0.2457
1277 -0.2479
1278 -0.2506
1279 -0.2538
1280 -0.2574
1281 -0.2615
1282 -0.271
1283 -0.2764
1284 -0.2821
1285 -0.2948
1286 -0.3016
1287 -0.3163
1288 -0.3241
1289 -0.3322
1290 -0.3491
1291 -0.3579
1292 -0.3669
1293 -0.3761
1294 -0.3949
1295 -0.4046
1296 -0.4144
1297 -0.4243
1298 -0.4381
1299 -0.4436
1300 -0.4535
1301 -0.4402
1302 -0.4202
1303 -0.4102
1304 -0.3993
1305 -0.3884
1306 -0.3672
1307 -0.357
1308 -0.3376
1309 -0.3284
1310 -0.3195
1311 -0.3111
1312 -0.2954
1313 -0.2881
1314 -0.2811
1315 -0.2746
1316 -0.2685
1317 -0.2575
1318 -0.2527
1319 -0.2482
1320 -0.2406
1321 -0.2375
1322 -0.2348
1323 -0.2326
1324 -0.2294
1325 -0.2278
1326 -0.2277
1327 -0.2287
1328 -0.2314
1329 -0.2334
1330 -0.2357
1331 -0.2415
1332 -0.245
1333 -0.2487
1334 -0.2528
1335 -0.262
1336 -0.2671
1337 -0.2725
1338 -0.2781
1339 -0.2901
1340 -0.2965
1341 -0.3032
1342 -0.31
1343 -0.317
1344 -0.3316
1345 -0.3469
1346 -0.3628
1347 -0.3708
1348 -0.3871
1349 -0.3952
1350 -0.4034
1351 -0.4115
1352 -0.4196
1353 -0.4277
1354 -0.4438
1355 -0.4519
1356 -0.4678
1357 -0.4755
1358 -0.4832
1359 -0.4907
1360 -0.498
1361 -0.5052
1362 -0.5192
1363 -0.5325
1364 -0.545
1365 -0.551
1366 -0.5566
1367 -0.5669
1368 -0.5716
1369 -0.5761
1370 -0.5803
1371 -0.5877
1372 -0.591
1373 -0.594
1374 -0.5959
1375 -0.5926
1376 -0.6279
1377 -0.7302
1378 -0.7911
1379 -0.7062
1380 -0.6264
1381 -0.481
1382 -0.4164
1383 -0.3032
1384 -0.255
1385 -0.2111
1386 -0.1357
1387 -0.102
1388 -0.0696
1389 -0.0381
1390 0.0222
1391 0.0512
1392 0.0792
1393 0.1059
1394 0.1565
1395 0.1803
1396 0.203
1397 0.2243
1398 0.2636
1399 0.2816
1400 0.2983
1401 0.3276
1402 0.3403
1403 0.3619
1404 0.3707
1405 0.3846
1406 0.3895
1407 0.3931
1408 0.3954
1409 0.3963
1410 0.3949
1411 0.3923
1412 0.3885
1413 0.3773
1414 0.3699
1415 0.3615
1416 0.3519
1417 0.3413
1418 0.3169
1419 0.3032
1420 0.2885
1421 0.2565
1422 0.2211
1423 0.2021
1424 0.1621
1425 0.1413
1426 0.1198
1427 0.0979
1428 0.0524
1429 0.0288
1430 -0.0198
1431 -0.0445
1432 -0.0696
1433 -0.1199
1434 -0.1453
1435 -0.2225
1436 -0.2482
1437 -0.274
1438 -0.2992
1439 -0.3492
1440 -0.3741
1441 -0.4232
1442 -0.4707
1443 -0.4938
1444 -0.5163
1445 -0.5382
1446 -0.5596
1447 -0.6009
1448 -0.6208
1449 -0.6402
1450 -0.6765
1451 -0.7101
1452 -0.7258
1453 -0.7407
1454 -0.7677
1455 -0.78
1456 -0.7915
1457 -0.8117
1458 -0.8204
1459 -0.8284
1460 -0.8414
1461 -0.8466
1462 -0.8543
1463 -0.8568
1464 -0.8584
1465 -0.859
1466 -0.8579
1467 -0.8533
1468 -0.8497
1469 -0.8453
1470 -0.8401
1471 -0.8274
1472 -0.8198
1473 -0.8115
1474 -0.7928
1475 -0.7824
1476 -0.7596
1477 -0.7473
1478 -0.7207
1479 -0.7067
1480 -0.692
1481 -0.677
1482 -0.6455
1483 -0.629
1484 -0.5947
1485 -0.5771
1486 -0.5591
1487 -0.5227
1488 -0.5042
1489 -0.4855
1490 -0.4667
1491 -0.4287
1492 -0.4094
1493 -0.3901
1494 -0.3518
1495 -0.3327
1496 -0.3136
1497 -0.2762
1498 -0.2578
1499 -0.2395
1500 -0.2215
1501 -0.1861
1502 -0.1687
1503 -0.1347
1504 -0.1183
1505 -0.1021
1506 -0.0714
1507 -0.0567
1508 -0.0285
1509 -0.0152
1510 0.0102
1511 0.022
1512 0.0442
1513 0.0544
1514 0.0641
1515 0.0815
1516 0.0894
1517 0.1033
1518 0.1093
1519 0.1148
1520 0.1237
1521 0.1273
1522 0.1302
1523 0.1343
1524 0.1354
1525 0.1359
1526 0.1358
1527 0.134
1528 0.1322
1529 0.1299
1530 0.1271
1531 0.1198
1532 0.1154
1533 0.1051
1534 0.0992
1535 0.0861
1536 0.0789
1537 0.0713
1538 0.0551
1539 0.0464
1540 0.0374
1541 0.0187
1542 0.0089
1543 -0.0012
1544 -0.0218
1545 -0.0325
1546 -0.0655
1547 -0.0768
1548 -0.0998
1549 -0.1113
1550 -0.1228
1551 -0.1456
1552 -0.1569
1553 -0.1796
1554 -0.1908
1555 -0.2019
1556 -0.2235
1557 -0.2341
1558 -0.2446
1559 -0.2647
1560 -0.2744
1561 -0.2839
1562 -0.302
1563 -0.3106
1564 -0.3271
1565 -0.3349
1566 -0.3495
1567 -0.3563
1568 -0.3688
1569 -0.3746
1570 -0.385
1571 -0.3896
1572 -0.3939
1573 -0.4012
1574 -0.4042
1575 -0.4069
1576 -0.4109
1577 -0.4124
1578 -0.4141
1579 -0.4143
1580 -0.4137
1581 -0.4114
1582 -0.4099
1583 -0.4091
1584 -0.4123
1585 -0.42
1586 -0.4562
1587 -0.4878
1588 -0.5296
1589 -0.6449
1590 -0.7182
1591 -0.6876
1592 -0.4635
1593 -0.2793
1594 -0.2542
1595 -0.2122
1596 -0.1941
1597 -0.1585
1598 -0.1411
1599 -0.1239
1600 -0.0908
1601 -0.0747
1602 -0.0433
1603 -0.0283
1604 0.0006
1605 0.0144
1606 0.0278
1607 0.0406
1608 0.0649
1609 0.0764
1610 0.0874
1611 0.1076
1612 0.1169
1613 0.1339
1614 0.1415
1615 0.1552
1616 0.1664
1617 0.1711
1618 0.1786
1619 0.1814
1620 0.1854
1621 0.1865
1622 0.1869
1623 0.1863
1624 0.1852
1625 0.1785
1626 0.1752
1627 0.1671
1628 0.1624
1629 0.1515
1630 0.1389
1631 0.132
1632 0.1173
1633 0.1023
1634 0.0946
1635 0.0762
1636 0.0669
1637 0.0571
1638 0.0376
1639 0.0276
1640 0.0073
1641 -0.0135
1642 -0.0242
1643 -0.0348
1644 -0.056
1645 -0.0666
1646 -0.0877
1647 -0.1085
1648 -0.1188
1649 -0.1384
1650 -0.1595
1651 -0.1816
1652 -0.1916
1653 -0.1141
1654 -0.094
1655 -0.0531
1656 -0.0333
1657 0.0057
1658 0.0246
1659 0.0433
1660 0.0788
1661 0.0959
1662 0.1287
1663 0.1442
1664 0.1737
1665 0.1875
1666 0.2132
1667 0.225
1668 0.2466
1669 0.2563
1670 0.2652
1671 0.2807
1672 0.2873
1673 0.2983
1674 0.3026
1675 0.3061
1676 0.3107
1677 0.3118
1678 0.3118
1679 0.3106
1680 0.3087
1681 0.2986
1682 0.2938
1683 0.282
1684 0.2751
1685 0.2594
1686 0.2507
1687 0.2447
1688 0.2493
1689 0.2746
1690 0.3134
1691 0.3321
1692 0.3499
1693 0.3822
1694 0.3968
1695 0.4104
1696 0.4342
1697 0.4536
1698 0.4618
1699 0.4745
1700 0.4824
1701 0.4857
1702 0.4857
1703 0.4845
1704 0.4789
1705 0.4744
1706 0.4689
1707 0.4549
1708 0.4369
1709 0.4264
1710 0.4028
1711 0.3897
1712 0.3758
1713 0.3611
1714 0.3295
1715 0.3125
1716 0.2764
1717 0.238
1718 0.218
1719 0.1768
1720 0.1557
1721 0.1124
1722 0.0903
1723 0.0679
1724 0.0547
1725 0.1165
1726 0.0191
1727 0.0506
1728 0.0662
1729 0.0996
1730 0.116
1731 0.132
1732 0.1617
1733 0.1757
1734 0.2016
1735 0.2134
1736 0.235
1737 0.2446
1738 0.2535
1739 0.2685
1740 0.2747
1741 0.2802
1742 0.2884
1743 0.3109
1744 0.3477
1745 0.4728
1746 0.5393
1747 0.6046
1748 0.7277
1749 0.8424
1750 0.9488
1751 1.044
1752 1.0869
1753 1.1631
1754 1.1962
1755 1.2543
1756 1.2787
1757 1.319
1758 1.3344
1759 1.3568
1760 1.3634
1761 1.3672
1762 1.3659
1763 1.3609
1764 1.3533
1765 1.3429
1766 1.3144
1767 1.306
1768 1.3379
1769 1.375
1770 1.4724
1771 1.517
1772 1.597
1773 1.6315
1774 1.6627
1775 1.7133
1776 1.7331
1777 1.7623
1778 1.7713
1779 1.7769
1780 1.7788
1781 1.7722
1782 1.7637
1783 1.7518
1784 1.7501
1785 1.7937
1786 1.8562
1787 2.0061
1788 2.0805
1789 2.2168
1790 2.2774
1791 2.3846
1792 2.4302
1793 2.4709
1794 2.5354
1795 2.5598
1796 2.5792
1797 2.6016
1798 2.6051
1799 2.5969
1800 2.5852
1801 2.5686
1802 2.521
1803 2.4902
1804 2.4547
1805 2.371
1806 2.2701
1807 2.2134
1808 2.1646
1809 2.0929
1810 2.0809
1811 2.0776
1812 2.0775
1813 2.0656
1814 2.0562
1815 2.0424
1816 2.0023
1817 1.9759
1818 1.9455
1819 1.9113
1820 1.8315
1821 1.7368
1822 1.6276
1823 1.5057
1824 1.4406
1825 1.3731
1826 1.3034
1827 1.1564
1828 1.0792
1829 0.9481
1830 0.9061
1831 0.8771
1832 0.8556
1833 0.8321
1834 0.7786
1835 0.7485
1836 0.7163
1837 0.6823
1838 0.6463
1839 0.5686
1840 0.5269
1841 0.438
1842 0.3913
1843 0.2932
1844 0.2423
1845 0.19
1846 0.0832
1847 0.0284
1848 -0.0275
1849 -0.0837
1850 -0.1984
1851 -0.2568
1852 -0.3159
1853 -0.4336
1854 -0.4926
1855 -0.5518
1856 -0.6085
1857 -0.6619
1858 -0.6491
1859 -0.6408
1860 -0.6234
1861 -0.615
1862 -0.5995
1863 -0.5925
1864 -0.5859
1865 -0.5745
1866 -0.5696
1867 -0.5652
1868 -0.5583
1869 -0.5557
1870 -0.5537
1871 -0.5515
1872 -0.5513
1873 -0.5516
1874 -0.5526
1875 -0.5563
1876 -0.559
1877 -0.5661
1878 -0.5755
1879 -0.581
1880 -0.5933
1881 -0.5974
1882 -0.5984
1883 -0.5927
1884 -0.5894
1885 -0.5865
1886 -0.5825
1887 -0.5814
1888 -0.5808
1889 -0.5807
1890 -0.5823
1891 -0.5838
1892 -0.5859
1893 -0.5885
1894 -0.5994
1895 -0.6039
1896 -0.6206
1897 -0.627
1898 -0.6338
1899 -0.6409
1900 -0.6563
1901 -0.6645
1902 -0.673
1903 -0.6818
1904 -0.7002
1905 -0.7098
1906 -0.7196
1907 -0.7296
1908 0.7395
1909 0.7342
1910 0.6961
1911 -0.6674
1912 -0.6433
1913 -0.5982
1914 -0.5738
1915 -0.5501
1916 -0.5055
1917 -0.4844
1918 -0.4641
1919 -0.4267
1920 -0.4094
1921 -0.393
1922 -0.3776
1923 -0.3497
1924 -0.3371
1925 -0.3255
1926 -0.3149
1927 -0.2966
1928 -0.289
1929 -0.2822
1930 -0.2766
1931 -0.2681
1932 -0.2653
1933 -0.2626
1934 -0.2627
1935 -0.2657
1936 -0.2686
1937 -0.2724
1938 -0.2771
1939 -0.289
1940 -0.2962
1941 -0.3042
1942 -0.3129
1943 -0.3327
1944 -0.3436
1945 -0.3553
1946 -0.3675
1947 -0.3804
1948 -0.408
1949 -0.4226
1950 -0.4378
1951 -0.4693
1952 -0.4856
1953 -0.5023
1954 -0.5193
1955 -0.5542
1956 -0.572
1957 -0.5902
1958 -0.6083
1959 -0.6451
1960 -0.6637
1961 -0.6824
1962 -0.701
1963 -0.7381
1964 -0.7566
1965 -0.775
1966 -0.7931
1967 -0.811
1968 -0.8462
1969 -0.8635
1970 -0.8805
1971 -0.9129
1972 -0.9284
1973 -0.9436
1974 -0.9581
1975 -0.9857
1976 -0.9988
1977 -1.0113
1978 -1.0232
1979 -1.0451
1980 -1.0552
1981 -1.0647
1982 -1.0735
1983 -1.089
1984 -1.0958
1985 -1.1019
1986 -1.1073
1987 -1.116
1988 -1.1193
1989 -1.1218
1990 -1.1237
1991 -1.1251
1992 -1.1246
1993 -1.1235
1994 -1.1221
1995 -1.1144
1996 -1.1079
1997 -1.1013
1998 -1.094
1999 -1.0771
2000 -1.0677
2001 -1.0577
2002 -1.0472
2003 -1.0362
2004 -1.0125
2005 -0.9999
2006 -0.9867
2007 -0.9732
2008 -0.9592
2009 -0.9299
2010 -0.9146
2011 -0.899
2012 -0.883
2013 -0.8501
2014 -0.8332
2015 -0.7984
2016 -0.7808
2017 -0.763
2018 -0.7451
2019 -0.7271
2020 -0.6906
2021 -0.6721
2022 -0.6536
2023 -0.6352
2024 -0.6168
2025 -0.58
2026 -0.5617
2027 -0.5434
2028 -0.5253
2029 -0.4896
2030 -0.4719
2031 -0.4544
2032 -0.4206
2033 -0.4042
2034 -0.388
2035 -0.357
2036 -0.3421
2037 -0.3276
2038 -0.3136
2039 -0.2867
2040 -0.2739
2041 -0.2615
2042 -0.2497
2043 -0.2384
2044 -0.2275
2045 -0.2072
2046 -0.1978
2047 -0.1888
2048 -0.1805
2049 -0.1727
2050 -0.1654
2051 -0.1524
2052 -0.1415
2053 -0.1368
2054 -0.1328
2055 -0.1264
2056 -0.1241
2057 -0.1224
2058 -0.1211
2059 -0.122
2060 -0.1343
2061 -0.1715
2062 -0.2409
2063 -0.21
2064 -0.258
2065 -0.3056
2066 -0.3538
2067 -0.4019
2068 -0.4497
2069 -0.4972
2070 -0.5908
2071 -0.637
2072 -0.6825
2073 -0.7268
2074 -0.7703
2075 -0.8548
2076 -0.8957
2077 -0.9356
2078 -0.9739
2079 -1.0111
2080 -1.0817
2081 -1.1151
2082 -1.1471
2083 -1.1772
2084 -1.2059
2085 -1.2331
2086 -1.2586
2087 -1.3378
2088 -1.3963
2089 -1.4787
2090 -1.5619
2091 -1.6429
2092 -1.7214
2093 -1.87
2094 -1.9401
2095 -2.0072
2096 -2.0702
2097 -2.1867
2098 -2.24
2099 -2.3363
2100 -2.4373
2101 -2.4185
2102 -2.4565
2103 -2.4908
2104 -2.5219
2105 -2.5492
2106 -2.5727
2107 -2.608
2108 -2.6198
2109 -2.6278
2110 -2.6314
2111 -2.6272
2112 -2.6193
2113 -2.6075
2114 -2.592
2115 -2.5728
2116 -2.5235
2117 -2.4934
2118 -2.4599
2119 -2.4266
2120 -2.4144
2121 -2.4174
2122 -2.4539
2123 -2.4992
2124 -2.5468
2125 -2.5904
2126 -2.6298
2127 -2.6649
2128 -2.7222
2129 -2.747
2130 -2.7671
2131 -2.7923
2132 -2.7977
2133 -2.7985
2134 -2.7946
2135 -2.7862
2136 -2.7561
2137 -2.7344
2138 -2.6779
2139 -2.6435
2140 -2.6108
2141 -2.5062
2142 -2.592
2143 -2.6238
2144 -2.6594
2145 -2.7021
2146 -2.7402
2147 -2.8025
2148 -2.8265
2149 -2.8456
2150 -2.8595
2151 -2.8685
2152 -2.8719
2153 -2.8662
2154 -2.8558
2155 -2.8205
2156 -2.7958
2157 -2.7664
2158 -2.6947
2159 -2.6523
2160 -2.6056
2161 -2.555
2162 -2.4419
2163 -2.3924
2164 -2.3549
2165 -2.3197
2166 -2.3147
2167 -2.3275
2168 -2.3406
2169 -2.3497
2170 -2.3549
2171 -2.351
2172 -2.3427
2173 -2.3302
2174 -2.2924
2175 -2.2673
2176 -2.238
2177 -2.168
2178 -2.1273
2179 -2.0827
2180 -2.0348
2181 -1.9283
2182 -1.8698
2183 -1.8079
2184 -1.6763
2185 -1.6062
2186 -1.5331
2187 -1.4581
2188 -1.3004
2189 -1.2179
2190 -1.0498
2191 -0.9749
2192 -0.9106
2193 -0.8064
2194 -0.7547
2195 -0.7015
2196 -0.6472
2197 -0.5342
2198 -0.4756
2199 -0.3545
2200 -0.2927
2201 -0.2298
2202 -0.1032
2203 -0.0391
2204 0.0912
2205 0.1565
2206 0.2222
2207 0.2874
2208 0.4184
2209 0.484
2210 0.5496
2211 0.6781
2212 0.7414
2213 0.8428
2214 0.8953
2215 0.9409
2216 0.962
2217 0.9821
2218 1.0198
2219 1.0374
2220 1.0544
2221 1.0705
2222 1.1004
2223 1.1142
2224 1.1273
2225 1.1507
2226 1.1612
2227 1.1709
2228 1.1877
2229 1.1948
2230 1.2012
2231 1.2114
2232 1.2153
2233 1.2137
2234 1.2036
2235 1.1711
2236 1.153
2237 1.1149
2238 1.0952
2239 1.0751
2240 1.0343
2241 1.0135
2242 0.9925
2243 0.9714
2244 0.9287
2245 0.9071
2246 0.8854
2247 0.8638
2248 0.8207
2249 0.7991
2250 0.7562
2251 0.7351
2252 0.7142
2253 0.6737
2254 0.6539
2255 0.6345
2256 0.5973
2257 0.5794
2258 0.5619
2259 0.5289
2260 0.5132
2261 0.498
2262 0.4696
2263 0.4563
2264 0.4436
2265 0.4316
2266 0.4094
2267 0.3991
2268 0.3895
2269 0.3723
2270 0.3577
2271 0.3513
2272 0.3456
2273 0.3363
2274 0.3325
2275 0.329
2276 0.3225
2277 0.3194
2278 0.3139
2279 0.312
2280 0.3106
2281 0.3098
2282 0.3103
2283 0.3114
2284 0.3152
2285 0.3179
2286 0.325
2287 0.3293
2288 0.3393
2289 0.3451
2290 0.3512
2291 0.3578
2292 0.3721
2293 0.3799
2294 0.388
2295 0.4051
2296 0.414
2297 0.4233
2298 0.4328
2299 0.4424
2300 0.4625
2301 0.4728
2302 0.4833
2303 0.4938
2304 0.5152
2305 0.5261
2306 0.537
2307 0.5587
2308 0.5695
2309 0.591
2310 0.6015
2311 0.612
2312 0.6322
2313 0.642
2314 0.6516
2315 0.6634
2316 0.7045
2317 0.719
2318 0.7389
2319 0.7855
2320 0.81
2321 0.834
2322 0.8571
2323 0.9226
2324 0.943
2325 0.9626
2326 0.9981
2327 1.0142
2328 1.0294
2329 1.0435
2330 1.0689
2331 1.0801
2332 1.0903
2333 1.1073
2334 1.1142
2335 1.12
2336 1.1247
2337 1.1284
2338 1.1326
2339 1.1331
2340 1.1326
2341 1.131
2342 1.1247
2343 1.12
2344 1.1143
2345 1.1076
2346 1.0913
2347 1.0817
2348 1.0712
2349 1.0598
2350 1.0344
2351 1.0204
2352 1.0055
2353 0.99
2354 0.9567
2355 0.939
2356 0.9205
2357 0.9016
2358 0.862
2359 0.8413
2360 0.7984
2361 0.7984
2362 0.7536
2363 0.7078
2364 0.6843
2365 0.6369
2366 0.6132
2367 0.5893
2368 0.5656
2369 0.5417
2370 0.4937
2371 0.4697
2372 0.4216
2373 0.3979
2374 0.3743
2375 0.351
2376 0.328
2377 0.2826
2378 0.2602
2379 0.2381
2380 0.2166
2381 0.1765
2382 0.1655
2383 0.1744
2384 0.215
2385 0.1626
2386 0.1925
2387 0.2234
2388 0.2551
2389 0.3182
2390 0.3496
2391 0.3808
2392 0.4113
2393 0.4713
2394 0.5007
2395 0.5296
2396 0.5848
2397 0.6114
2398 0.6372
2399 0.6621
2400 0.6861
2401 0.7317
2402 0.7739
2403 0.7937
2404 0.8295
2405 0.8455
2406 0.8604
2407 0.874
2408 0.8977
2409 0.9079
2410 0.9169
2411 0.9245
2412 0.9362
2413 0.9474
2414 0.9796
2415 1.0056
2416 1.1044
2417 1.1634
2418 1.2216
2419 1.2774
2420 1.3827
2421 1.432
2422 1.4791
2423 1.5233
2424 1.6041
2425 1.6408
2426 1.6749
2427 1.7337
2428 1.7588
2429 1.7811
2430 1.8003
2431 1.8167
2432 1.8303
2433 1.849
2434 1.8564
2435 1.8564
2436 1.8522
2437 1.8459
2438 1.8368
2439 1.8106
2440 1.7736
2441 1.7512
2442 1.6991
2443 1.6696
2444 1.6377
2445 1.5679
2446 1.5299
2447 1.4898
2448 1.448
2449 1.4044
2450 1.3589
2451 1.2627
2452 1.2121
2453 1.1599
2454 1.107
2455 1.0727
2456 1.0638
2457 1.0838
2458 1.1323
2459 1.1899
2460 1.3518
2461 1.523
2462 1.6844
2463 1.7599
2464 1.8311
2465 1.8977
2466 2.0202
2467 2.076
2468 2.1279
2469 2.1752
2470 2.258
2471 2.2934
2472 2.3246
2473 2.3513
2474 2.3922
2475 2.4063
2476 2.4163
2477 2.4219
2478 2.4205
2479 2.4026
2480 2.3873
2481 2.3681
2482 2.318
2483 2.2872
2484 2.2527
2485 2.2147
2486 2.1282
2487 2.0798
2488 2.028
2489 1.9735
2490 1.8553
2491 1.7941
2492 1.7298
2493 1.6633
2494 1.5222
2495 1.4479
2496 1.3711
2497 1.293
2498 1.1308
2499 1.0469
2500 0.9613
2501 0.7886
2502 0.6119
2503 0.522
2504 0.4425
2505 0.3563
2506 0.3469
2507 0.3625
2508 0.4018
2509 0.536
2510 0.6075
2511 0.6775
2512 0.7447
2513 0.8097
2514 0.9326
2515 0.9904
2516 1.0457
2517 1.146
2518 1.1915
2519 1.2738
2520 1.3098
2521 1.3428
2522 1.3721
2523 1.3982
2524 1.4408
2525 1.4572
2526 1.4703
2527 1.48
2528 1.4864
2529 1.4895
2530 1.4859
2531 1.4793
2532 1.4695
2533 1.4405
2534 1.4213
2535 1.399
2536 1.3739
2537 1.315
2538 1.2813
2539 1.2057
2540 1.1202
2541 1.0738
2542 1.0255
2543 0.9753
2544 0.8687
2545 0.8124
2546 0.7542
2547 0.6948
2548 0.5712
2549 0.5071
2550 0.4416
2551 0.309
2552 0.2414
2553 0.1729
2554 0.0362
2555 -0.0322
2556 -0.1403
2557 -0.1572
2558 -0.1676
2559 -0.1669
2560 -0.1667
2561 -0.1668
2562 -0.1676
2563 -0.1708
2564 -0.1733
2565 -0.1764
2566 -0.1801
2567 -0.1843
2568 -0.1948
2569 -0.2009
2570 -0.2077
2571 -0.2229
2572 -0.2314
2573 -0.2406
2574 -0.2502
2575 -0.2712
2576 -0.2826
2577 -0.3069
2578 -0.3198
2579 -0.3333
2580 -0.347
2581 -0.376
2582 -0.3911
2583 -0.4066
2584 -0.4224
2585 -0.4211
2586 -0.3991
2587 -0.3563
2588 -0.2575
2589 -0.207
2590 -0.1089
2591 -0.1089
2592 -0.0156
2593 0.0705
2594 0.1115
2595 0.1871
2596 0.2539
2597 0.2843
2598 0.3124
2599 0.3615
2600 0.383
2601 0.4024
2602 0.4194
2603 0.4474
2604 0.4583
2605 0.4671
2606 0.4738
2607 0.4809
2608 0.4814
2609 0.4798
2610 0.4763
2611 0.4633
2612 0.4539
2613 0.4426
2614 0.4295
2615 0.3979
2616 0.3794
2617 0.3593
2618 0.3145
2619 0.2898
2620 0.2636
2621 0.2361
2622 0.1771
2623 0.1457
2624 0.079
2625 0.079
2626 0.0079
2627 -0.0289
2628 -0.0669
2629 -0.1054
2630 -0.1847
2631 -0.2407
2632 -0.2568
2633 -0.2505
2634 -0.2118
2635 -0.1813
2636 -0.1512
2637 -0.0945
2638 -0.068
2639 -0.0427
2640 -0.0189
2641 0.0246
2642 0.0444
2643 0.0629
2644 0.0796
2645 0.109
2646 0.1215
2647 0.1325
2648 0.1419
2649 0.1563
2650 0.1612
2651 0.1666
2652 0.167
2653 0.1659
2654 0.1592
2655 0.1536
2656 0.1382
2657 0.1284
2658 0.1172
2659 0.1048
2660 0.076
2661 0.0597
2662 0.0422
2663 0.0236
2664 -0.017
2665 -0.0389
2666 -0.0619
2667 -0.0856
2668 -0.1359
2669 -0.1896
2670 -0.2177
2671 -0.2463
2672 -0.3046
2673 -0.3647
2674 -0.3956
2675 -0.4265
2676 -0.4574
2677 -0.4886
2678 -0.5516
2679 -0.5833
2680 -0.6151
2681 -0.6466
2682 -0.7026
2683 -0.7186
2684 -0.7222
2685 -0.7125
2686 -0.6599
2687 -0.6243
2688 -0.5534
2689 -0.5187
2690 -0.4845
2691 -0.4191
2692 -0.3877
2693 -0.357
2694 -0.2992
2695 -0.2718
2696 -0.2453
2697 -0.1964
2698 -0.1736
2699 -0.152
2700 -0.1317
2701 -0.0946
2702 -0.0779
2703 -0.0623
2704 -0.0354
2705 -0.0239
2706 -0.0137
2707 -0.0049
2708 0.0089
2709 0.0139
2710 0.0201
2711 0.0212
2712 0.0198
2713 0.0171
2714 0.0083
2715 0.002
2716 -0.0054
2717 -0.0234
2718 -0.034
2719 -0.0457
2720 -0.0719
2721 -0.0864
2722 -0.1183
2723 -0.1354
2724 -0.1534
2725 -0.172
2726 -0.2115
2727 -0.2323
2728 -0.2537
2729 -0.2959
2730 -0.3157
2731 -0.341
2732 -0.3057
2733 -0.2679
2734 -0.2679
2735 -0.2333
2736 -0.2175
2737 -0.2025
2738 -0.1755
2739 -0.1635
2740 -0.1524
2741 -0.1334
2742 -0.1255
2743 -0.1185
2744 -0.1078
2745 -0.104
2746 -0.1012
2747 -0.0987
2748 -0.099
2749 -0.1002
2750 -0.1056
2751 -0.1097
2752 -0.1208
2753 -0.1277
2754 -0.1441
2755 -0.1535
2756 -0.1638
2757 -0.1699
2758 -0.1512
2759 -0.1286
2760 -0.1066
2761 -0.0655
2762 -0.0466
2763 -0.0121
2764 0.0031
2765 0.0301
2766 0.0415
2767 0.0517
2768 0.0605
2769 0.0744
2770 0.0795
2771 0.0833
2772 0.0857
2773 0.0869
2774 0.0856
2775 0.0831
2776 0.0744
2777 0.0682
2778 0.0609
2779 0.0429
2780 0.0335
2781 0.0298
2782 0.0415
2783 0.0461
2784 0.0497
2785 -0.0823
2786 -0.1016
2787 -0.1222
2788 -0.162
2789 -0.1823
2790 -0.2094
2791 -0.1983
2792 -0.1931
2793 -0.184
2794 -0.1804
2795 -0.1775
2796 -0.1741
2797 -0.1735
2798 -0.1737
2799 -0.1763
2800 -0.1787
2801 -0.1857
2802 -0.1903
2803 -0.1956
2804 -0.2154
2805 -0.2234
2806 -0.2319
2807 -0.2506
2808 -0.2714
2809 -0.2827
2810 -0.466
