0 0.7598
1 0.7598
2 0.7598
3 0.7598
4 0.7598
5 0.7598
6 0.7598
7 0.7598
8 0.7598
9 0.7598
10 0.7598
11 0.7599
12 0.7598
13 0.7597
14 0.7596
15 0.7595
16 0.7594
17 0.7593
18 0.759
19 0.7588
20 0.7587
21 0.7584
22 0.7582
23 0.758
24 0.7576
25 0.7571
26 0.7568
27 0.7565
28 0.7559
29 0.7556
30 0.7552
31 0.7549
32 0.7541
33 0.7537
34 0.7532
35 0.7527
36 0.7523
37 0.7518
38 0.7507
39 0.7501
40 0.7494
41 0.7488
42 0.7474
43 0.7467
44 0.7459
45 0.7451
46 0.7443
47 0.7427
48 0.7417
49 0.7408
50 0.7398
51 0.7388
52 0.7366
53 0.7354
54 0.7331
55 0.7318
56 0.7291
57 0.7277
58 0.7262
59 0.7247
60 0.7231
61 0.7197
62 0.7179
63 0.716
64 0.714
65 0.7098
66 0.7076
67 0.7054
68 0.7006
69 0.6981
70 0.6954
71 0.6927
72 0.6869
73 0.6838
74 0.6806
75 0.6772
76 0.6738
77 0.6701
78 0.6625
79 0.6585
80 0.6543
81 0.65
82 0.6409
83 0.6362
84 0.6312
85 0.6262
86 0.6155
87 0.61
88 0.6042
89 0.5983
90 0.5922
91 0.5795
92 0.5728
93 0.5659
94 0.5589
95 0.5442
96 0.5365
97 0.5286
98 0.5206
99 0.5037
100 0.4949
101 0.4859
102 0.4673
103 0.4576
104 0.4477
105 0.4375
106 0.4271
107 0.4054
108 0.3942
109 0.3827
110 0.3709
111 0.3465
112 0.3339
113 0.321
114 0.2945
115 0.2807
116 0.2523
117 0.2377
118 0.2227
119 0.2076
120 0.1923
121 0.1769
122 0.1466
123 0.1321
124 0.1188
125 0.1078
126 0.0974
127 0.101
128 0.1079
129 -0.0932
130 -0.0818
131 -0.0744
132 -0.0786
133 -0.0879
134 -0.1009
135 -0.1334
136 -0.1516
137 -0.1705
138 -0.1898
139 -0.2297
140 -0.2502
141 -0.2709
142 -0.2918
143 -0.3346
144 -0.3566
145 -0.379
146 -0.4015
147 -0.4477
148 -0.4713
149 -0.4953
150 -0.5195
151 -0.569
152 -0.5943
153 -0.6199
154 -0.6457
155 -0.6983
156 -0.7251
157 -0.7523
158 -0.7795
159 -0.835
160 -0.8632
161 -0.8917
162 -0.9203
163 -0.9784
164 -1.0078
165 -1.0375
166 -1.0673
167 -1.1276
168 -1.1581
169 -1.1889
170 -1.2196
171 -1.2817
172 -1.313
173 -1.3446
174 -1.376
175 -1.4394
176 -1.4713
177 -1.5033
178 -1.5352
179 -1.5992
180 -1.6313
181 -1.6635
182 -1.6954
183 -1.7592
184 -1.7911
185 -1.8229
186 -1.8545
187 -1.9173
188 -1.9486
189 -1.9797
190 -2.0104
191 -2.0714
192 -2.1006
193 -2.1305
194 -2.16
195 -2.2174
196 -2.2452
197 -2.2734
198 -2.3005
199 -2.3537
200 -2.3799
201 -2.4303
202 -2.4543
203 -2.4781
204 -2.5007
205 -2.5229
206 -2.5442
207 -2.585
208 -2.6043
209 -2.6227
210 -2.6405
211 -2.6729
212 -2.6878
213 -2.7021
214 -2.7147
215 -2.7375
216 -2.7475
217 -2.756
218 -2.7637
219 -2.7752
220 -2.782
221 -2.7833
222 -2.7838
223 -2.7823
224 -2.7802
225 -2.771
226 -2.7639
227 -2.7561
228 -2.7462
229 -2.7353
230 -2.7221
231 -2.692
232 -2.6745
233 -2.655
234 -2.6119
235 -2.5883
236 -2.5622
237 -2.5061
238 -2.4759
239 -2.4431
240 -2.3368
241 -2.2974
242 -2.257
243 -2.1718
244 -2.1261
245 -2.079
246 -2.0299
247 -1.9268
248 -1.4385
249 -1.3698
250 -1.2987
251 -1.1588
252 -1.013
253 -0.9383
254 -0.8614
255 -0.7047
256 -0.6246
257 -0.2852
258 -0.1076
259 -0.0161
260 0.0747
261 0.2592
262 0.3537
263 0.5469
264 0.6441
265 0.7435
266 0.8427
267 1.0455
268 1.2527
269 1.3583
270 1.5702
271 1.6761
272 1.7837
273 1.9989
274 2.1066
275 2.2013
276 2.3163
277 2.4308
278 2.6627
279 2.7799
280 2.8954
281 3.0103
282 3.2335
283 3.348
284 3.4592
285 3.5693
286 3.7891
287 4.0098
288 4.6054
289 4.6304
290 4.663
291 4.7434
292 4.7434
293 4.9224
294 4.9976
295 5.0812
296 5.2649
297 5.3594
298 5.449
299 5.5394
300 5.7203
301 5.8106
302 5.9007
303 6.0809
304 6.2561
305 6.4223
306 6.5014
307 6.5768
308 6.6512
309 6.724
310 6.8534
311 6.9119
312 6.9677
313 7.0212
314 7.122
315 7.168
316 7.2133
317 7.2983
318 7.338
319 7.376
320 7.443
321 7.4723
322 7.5013
323 7.5575
324 7.6118
325 7.6373
326 7.6614
327 7.6828
328 7.7006
329 7.7231
330 7.7269
331 7.7277
332 7.7252
333 7.7194
334 7.7109
335 7.6848
336 7.6676
337 7.6477
338 7.5994
339 7.5396
340 7.5055
341 7.4283
342 7.385
343 7.2897
344 7.2387
345 7.1836
346 7.1269
347 7.0038
348 6.9375
349 6.8775
350 6.7548
351 6.6908
352 6.6268
353 6.4999
354 6.3708
355 6.3056
356 6.1741
357 6.1077
358 6.0406
359 5.973
360 5.8354
361 5.7654
362 5.6303
363 5.5804
364 5.5306
365 5.4836
366 5.4386
367 5.3941
368 5.301
369 5.253
370 5.2052
371 5.1105
372 5.0164
373 4.9695
374 4.9227
375 4.8294
376 4.783
377 4.7367
378 4.6875
379 4.5786
380 4.4586
381 4.3965
382 4.3337
383 4.2702
384 4.2047
385 4.1334
386 4.0594
387 3.9314
388 3.8723
389 3.8144
390 3.7564
391 3.64
392 3.5811
393 3.4637
394 3.3459
395 3.2869
396 3.2277
397 3.1684
398 3.0491
399 2.9821
400 2.914
401 2.7757
402 2.704
403 2.6303
404 2.5546
405 2.3968
406 2.3164
407 2.2351
408 2.153
409 2.07
410 1.9018
411 1.8166
412 1.7307
413 1.5565
414 1.4684
415 1.3796
416 1.2901
417 1.1999
418 1.0176
419 0.8328
420 0.7395
421 0.6456
422 0.5512
423 0.4562
424 0.3608
425 0.2649
426 0.0716
427 -0.0256
428 -0.1233
429 -0.2214
430 -0.4185
431 -0.5176
432 -0.7166
433 -0.7166
434 -0.9165
435 -1.3941
436 -1.4951
437 -1.799
438 -1.9006
439 -2.0023
440 -2.1043
441 -2.3086
442 -2.4079
443 -2.5095
444 -2.6121
445 -2.8136
446 -2.9139
447 -3.0151
448 -3.1147
449 -3.3143
450 -3.4145
451 -3.5122
452 -3.612
453 -3.8007
454 -3.8953
455 -3.9864
456 -4.0751
457 -4.2484
458 -4.3325
459 -4.4159
460 -4.4986
461 -4.6623
462 -4.7442
463 -4.9076
464 -4.9892
465 -5.0707
466 -5.1521
467 -5.2334
468 -5.3139
469 -5.3939
470 -5.5511
471 -5.7079
472 -5.7844
473 -5.862
474 -5.9369
475 -6.0823
476 -6.1544
477 -6.2135
478 -6.3168
479 -6.3644
480 -6.4355
481 -6.4689
482 -6.5002
483 -6.5562
484 -6.5805
485 -6.6028
486 -6.6401
487 -6.6556
488 12.7036
489 12.683
490 12.6745
491 12.661
492 12.6559
493 12.6481
494 12.6458
