0 0.7598
1 0.7598
2 0.7598
3 0.7598
4 0.7598
5 0.7598
6 0.7598
7 0.7598
8 0.7598
9 0.7598
10 0.7599
11 0.7598
12 0.7597
13 0.7596
14 0.7596
15 0.7595
16 0.7593
17 0.7592
18 0.759
19 0.7589
20 0.7587
21 0.7586
22 0.7584
23 0.7583
24 0.758
25 0.7576
26 0.7574
27 0.757
28 0.7568
29 0.7564
30 0.7561
31 0.7559
32 0.7556
33 0.7551
34 0.7548
35 0.7545
36 0.7539
37 0.7536
38 0.753
39 0.7526
40 0.7522
41 0.7515
42 0.7511
43 0.7507
44 0.7498
45 0.7494
46 0.7484
47 0.7474
48 0.7469
49 0.7464
50 0.7459
51 0.7453
52 0.7441
53 0.7435
54 0.7429
55 0.7423
56 0.7416
57 0.7402
58 0.7387
59 0.738
60 0.7372
61 0.7363
62 0.7346
63 0.7337
64 0.7318
65 0.7308
66 0.7298
67 0.7277
68 0.7266
69 0.7255
70 0.7244
71 0.722
72 0.7207
73 0.7195
74 0.7182
75 0.7155
76 0.7141
77 0.7127
78 0.7113
79 0.7083
80 0.7067
81 0.7051
82 0.7019
83 0.7002
84 0.6985
85 0.6967
86 0.6931
87 0.6913
88 0.6893
89 0.6854
90 0.6834
91 0.6793
92 0.6772
93 0.675
94 0.6705
95 0.6682
96 0.6659
97 0.6635
98 0.6586
99 0.6561
100 0.6536
101 0.651
102 0.6457
103 0.6429
104 0.6401
105 0.6347
106 0.6322
107 0.63
108 0.6265
109 0.6254
110 0.6247
111 0.6255
112 0.6272
113 0.6202
114 0.6177
115 0.6156
116 0.6139
117 0.6111
118 0.61
119 0.6066
120 0.6063
121 0.6063
122 0.606
123 0.6059
124 0.6044
125 0.604
126 0.6035
127 0.603
128 0.6019
129 0.6013
130 0.6006
131 0.5999
132 0.5974
133 0.5965
134 0.5946
135 0.5924
136 0.5901
137 0.5888
138 0.5875
139 0.5847
140 0.5833
141 0.5818
142 0.5802
143 0.5769
144 0.5752
145 0.5734
146 0.5715
147 0.5677
148 0.5656
149 0.5636
150 0.5614
151 0.557
152 0.5547
153 0.5499
154 0.5474
155 0.5422
156 0.5396
157 0.5368
158 0.5312
159 0.5283
160 0.5253
161 0.5223
162 0.5161
163 0.5097
164 0.5063
165 0.503
166 0.4996
167 0.4961
168 0.4891
169 0.4817
170 0.4779
171 0.4741
172 0.4663
173 0.4583
174 0.4542
175 0.4501
176 0.4416
177 0.4373
178 0.4329
179 0.4239
180 0.4194
181 0.4148
182 0.4102
183 0.4007
184 0.3958
185 0.391
186 0.386
187 0.381
188 0.371
189 0.3659
190 0.3555
191 0.3449
192 0.3396
193 0.3342
194 0.3233
195 0.3179
196 0.3124
197 0.3068
198 0.3012
199 0.2899
200 0.2842
201 0.2785
202 0.267
203 0.2612
204 0.2554
205 0.2496
206 0.2377
207 0.2259
208 0.2139
209 0.2079
210 0.1959
211 0.1899
212 0.1839
213 0.1719
214 0.1659
215 0.1599
216 0.1479
217 0.1419
218 0.1299
219 0.1239
220 0.1179
221 0.112
222 0.1061
223 0.0942
224 0.0824
225 0.0766
226 0.0707
227 0.0592
228 0.0535
229 0.0478
230 0.0365
231 0.0309
232 0.0199
233 0.0145
234 0.0037
235 -0.0016
236 -0.0069
237 -0.0121
238 -0.0223
239 -0.0273
240 -0.0323
241 -0.0372
242 -0.0467
243 -0.0561
244 -0.0651
245 -0.0696
246 -0.0739
247 -0.0815
248 -0.0845
249 -0.0886
250 -0.0897
251 -0.0903
252 -0.0884
253 -0.0865
254 -0.0841
255 -0.0773
256 -0.073
257 -0.0684
258 -0.0636
259 -0.0539
260 -0.049
261 -0.0439
262 -0.0335
263 -0.0283
264 -0.0229
265 -0.012
266 -0.0065
267 0.0048
268 0.0106
269 0.0164
270 0.0341
271 0.0401
272 0.0462
273 0.0584
274 0.0645
275 0.077
276 0.0833
277 0.0895
278 0.1087
279 0.115
280 0.128
281 0.1345
282 0.1409
283 0.1474
284 0.1604
285 0.1669
286 0.1735
287 0.1865
288 0.1929
289 0.1994
290 0.2123
291 0.2187
292 0.2252
293 0.2379
294 0.2441
295 0.2505
296 0.2629
297 0.2751
298 0.2812
299 0.2872
300 0.2991
301 0.3049
302 0.3164
303 0.3221
304 0.3276
305 0.3385
306 0.3439
307 0.3491
308 0.3543
309 0.3644
310 0.3693
311 0.3741
312 0.3788
313 0.388
314 0.3924
315 0.3967
316 0.405
317 0.409
318 0.4129
319 0.4203
320 0.4238
321 0.4304
322 0.4335
323 0.4366
324 0.4422
325 0.4447
326 0.4472
327 0.4517
328 0.4537
329 0.4556
330 0.4574
331 0.4604
332 0.4629
333 0.464
334 0.4656
335 0.4661
336 0.4668
337 0.4669
338 0.4668
339 0.4663
340 0.4658
341 0.4651
342 0.4638
343 0.4638
344 0.4656
345 0.4675
346 0.4736
347 0.4769
348 0.4811
349 0.4921
350 0.4985
351 0.5167
352 0.5278
353 0.5331
354 0.5382
355 0.543
356 0.5521
357 0.5562
358 0.5602
359 0.5675
360 0.5708
361 0.5739
362 0.5767
363 0.5816
364 0.5838
365 0.5856
366 0.5887
367 0.5907
368 0.5914
369 0.5918
370 0.5919
371 0.5915
372 0.5909
373 0.5901
374 0.5877
375 0.5861
376 0.5842
377 0.5822
378 0.5772
379 0.5744
380 0.5713
381 0.568
382 0.5606
383 0.5566
384 0.5523
385 0.5431
386 0.5329
387 0.5275
388 0.5218
389 0.5099
390 0.5037
391 0.4972
392 0.4836
393 0.4766
394 0.4693
395 0.4543
396 0.4465
397 0.4303
398 0.422
399 0.4136
400 0.4049
401 0.3873
402 0.3782
403 0.369
404 0.3503
405 0.3408
406 0.3311
407 0.3116
408 0.3017
409 0.2816
410 0.2714
411 0.2612
412 0.2406
413 0.2303
414 0.2199
415 0.1994
416 0.1904
417 0.1826
418 0.1707
419 0.1657
420 0.1622
421 0.1587
422 0.1585
423 0.1591
424 0.1594
425 0.1601
426 0.1604
427 0.1611
428 0.1614
429 0.1618
430 0.1625
431 0.1629
432 0.1633
433 0.1641
434 0.1649
435 0.1657
436 0.1662
437 0.167
438 0.1675
439 0.1679
440 0.1688
441 0.1692
442 0.1702
443 0.1711
444 0.1715
445 0.172
446 0.1725
447 0.1734
448 0.1739
449 0.1744
450 0.1748
451 0.1758
452 0.1763
453 0.1772
454 0.1777
455 0.1781
456 0.179
457 0.18
458 0.1804
459 0.1813
460 0.1817
461 0.1826
462 0.183
463 0.1834
464 0.1842
465 0.185
466 0.1854
467 0.1857
468 0.1864
469 0.1868
470 0.1871
471 0.1877
472 0.188
473 0.1883
474 0.1889
475 0.1891
476 0.1896
477 0.1901
478 0.1903
479 0.1906
480 0.1908
481 0.1912
482 0.1958
483 0.2007
484 0.2061
485 0.2182
486 0.2264
487 0.2357
488 0.246
489 0.2674
490 0.278
491 0.299
492 0.3093
493 0.3296
494 0.3396
495 0.3592
496 0.3688
497 0.3875
498 0.3966
499 0.4142
500 0.4227
501 0.4311
502 0.447
503 0.4693
504 0.4763
505 0.4894
506 0.4956
507 0.5071
508 0.5125
509 0.5223
510 0.5268
511 0.5349
512 0.5385
513 0.5447
514 0.5474
515 0.5518
516 0.5535
517 0.5559
518 0.5566
519 0.5571
520 0.5568
521 0.5562
522 0.554
523 0.5524
524 0.5505
525 0.5457
526 0.5428
527 0.536
528 0.5321
529 0.5279
530 0.5186
531 0.5135
532 0.5023
533 0.4963
534 0.4899
535 0.4765
536 0.4694
537 0.4542
538 0.4463
539 0.4381
540 0.421
541 0.3642
542 0.3326
543 0.3217
544 0.3013
545 0.2936
546 0.2882
547 0.2858
548 0.283
549 0.2847
550 0.2973
551 0.3048
552 0.3122
553 0.3195
554 0.3335
555 0.3403
556 0.3469
557 0.3534
558 0.3658
559 0.3775
560 0.3831
561 0.3937
562 0.4033
563 0.4079
564 0.4122
565 0.4201
566 0.4237
567 0.4271
568 0.4302
569 0.4358
570 0.4382
571 0.4404
572 0.4423
573 0.4454
574 0.4466
575 0.4475
576 0.4486
577 0.4487
578 0.4482
579 0.4475
580 0.4454
581 0.444
582 0.4403
583 0.4381
584 0.4328
585 0.4299
586 0.4266
587 0.4194
588 0.4154
589 0.4112
590 0.4021
591 0.3972
592 0.3868
593 0.3812
594 0.3694
595 0.3633
596 0.3569
597 0.3436
598 0.3367
599 0.3296
600 0.3228
601 0.3123
602 0.3091
603 0.3057
604 0.3035
605 0.3038
606 0.304
607 0.304
608 0.3038
609 0.3035
610 0.3024
611 0.3016
612 0.2997
613 0.2985
614 0.2972
615 0.2942
616 0.2907
617 0.2887
618 0.2866
619 0.2845
620 0.2798
621 0.2772
622 0.2746
623 0.269
624 0.263
625 0.2599
626 0.2566
627 0.2499
628 0.2464
629 0.2428
630 0.2354
631 0.2317
632 0.2278
633 0.2199
634 0.2159
635 0.2077
636 0.2035
637 0.1993
638 0.1909
639 0.1866
640 0.1823
641 0.1736
642 0.1693
643 0.165
644 0.1563
645 0.152
646 0.1477
647 0.1392
648 0.1326
649 0.1381
650 -0.1599
651 -0.1649
652 0.1688
653 0.1829
654 0.2187
655 0.2363
656 0.2714
657 0.2888
658 0.3061
659 0.3403
660 0.3572
661 0.3739
662 0.3904
663 0.4228
664 0.4387
665 0.4543
666 0.4847
667 0.4995
668 0.5281
669 0.5419
670 0.5684
671 0.581
672 0.5933
673 0.6051
674 0.6275
675 0.638
676 0.6481
677 0.6667
678 0.6753
679 0.6908
680 0.6978
681 0.7043
682 0.7155
683 0.7202
684 0.7244
685 0.7333
686 0.7363
687 0.7369
688 0.7363
689 0.7332
690 0.7308
691 0.724
692 0.7197
693 0.7148
694 0.7033
695 0.6894
696 0.6732
697 0.6732
698 0.6547
699 0.6447
700 0.623
701 0.6113
702 0.5865
703 0.5597
704 0.5456
705 0.5311
706 0.5009
707 0.4852
708 0.4527
709 0.4188
710 0.4014
711 0.3837
712 0.3476
713 0.3292
714 0.3119
715 0.2895
716 0.2927
717 0.2895
718 0.2684
719 0.278
720 0.297
721 0.3064
722 0.3246
723 0.3333
724 0.3419
725 0.3584
726 0.3663
727 0.374
728 0.3886
729 0.3956
730 0.4023
731 0.4087
732 0.4207
733 0.4263
734 0.4367
735 0.4415
736 0.446
737 0.454
738 0.4575
739 0.4636
740 0.4684
741 0.4704
742 0.4732
743 0.4741
744 0.4748
745 0.4747
746 0.4734
747 0.4722
748 0.4707
749 0.4667
750 0.4642
751 0.4614
752 0.4596
753 0.4634
754 0.4695
755 0.4906
756 0.5023
757 0.5136
758 0.5349
759 0.5449
760 0.5545
761 0.5723
762 0.5806
763 0.5883
764 0.6024
765 0.6086
766 0.6197
767 0.6245
768 0.6288
769 0.6357
770 0.6384
771 0.6421
772 0.6431
773 0.643
774 0.6419
775 0.638
776 0.6352
777 0.6319
778 0.6236
779 0.6187
780 0.6072
781 0.6007
782 0.5861
783 0.578
784 0.5695
785 0.551
786 0.5445
787 0.5536
788 0.5668
789 0.5794
790 0.6167
791 0.6589
792 0.6793
793 0.699
794 0.7365
795 0.7542
796 0.7876
797 0.8032
798 0.8181
799 0.8455
800 0.858
801 0.8698
802 0.8907
803 0.8999
804 0.9083
805 0.9158
806 0.9282
807 0.9331
808 0.9401
809 0.9423
810 0.9436
811 0.9433
812 0.9418
813 0.9394
814 0.9318
815 0.9206
816 0.9136
817 0.9057
818 0.8873
819 0.8767
820 0.8653
821 0.8531
822 0.8261
823 0.8113
824 0.7957
825 0.7624
826 0.7445
827 0.7259
828 0.6868
829 0.6661
830 0.6449
831 0.623
832 0.5775
833 0.5539
834 0.505
835 0.4798
836 0.4542
837 0.4018
838 0.3751
839 0.3481
840 0.2933
841 0.2375
842 0.2093
843 0.1809
844 0.1243
845 0.0674
846 0.0105
847 -0.0188
848 0.0551
849 0.1045
850 -0.1193
851 -0.1041
852 -0.0876
853 -0.0799
854 -0.0718
855 -0.0635
856 -0.0459
857 -0.0366
858 -0.0172
859 -0.0071
860 0.0033
861 0.0248
862 0.0358
863 0.0471
864 0.0703
865 0.0821
866 0.1063
867 0.1186
868 0.131
869 0.1561
870 0.1687
871 0.1815
872 0.1942
873 0.2198
874 0.2326
875 0.2456
876 0.3005
877 0.3419
878 0.3916
879 0.4458
880 0.5539
881 0.6606
882 0.7134
883 0.8169
884 0.8674
885 0.9171
886 1.0136
887 1.0604
888 1.1062
889 1.1509
890 1.1944
891 1.2368
892 1.3178
893 1.3564
894 1.3937
895 1.4294
896 1.4965
897 1.5278
898 1.5575
899 1.6117
900 1.6362
901 1.659
902 1.699
903 1.7162
904 1.7315
905 1.7449
906 1.766
907 1.7736
908 1.783
909 1.7847
910 1.7844
911 1.7788
912 1.7807
913 1.8266
914 1.8285
915 1.8616
916 1.8969
917 1.9613
918 1.9903
919 2.0414
920 2.0633
921 2.1002
922 2.1149
923 2.1272
924 2.1443
925 2.1491
926 2.1514
927 2.1512
928 2.1432
929 2.1355
930 2.1252
931 2.1124
932 2.0795
933 2.0594
934 2.0367
935 1.9845
936 1.9548
937 1.9228
938 1.8885
939 1.8377
940 1.8114
941 1.7833
942 1.7719
943 1.7587
944 1.7259
945 1.7064
946 1.6849
947 1.6613
948 1.6357
949 1.5787
950 1.5473
951 1.5139
952 1.4421
953 1.4036
954 1.3633
955 1.2783
956 1.2335
957 1.1394
958 1.0903
959 0.9882
960 0.8815
961 0.8266
962 0.7707
963 0.6567
964 0.5985
965 0.5396
966 0.4203
967 0.3599
968 0.2376
969 0.1761
970 0.1144
971 -0.009
972 -0.0706
973 -0.1323
974 -0.2543
975 -0.3149
976 -0.3751
977 -0.493
978 -0.5781
979 -0.5929
980 -0.5615
981 -0.5404
982 -0.5185
983 -0.4726
984 -0.4485
985 -0.3982
986 -0.3721
987 -0.3453
988 -0.2899
989 -0.2613
990 -0.2023
991 -0.1721
992 -0.1413
993 -0.1102
994 -0.0466
995 0.0186
996 0.0518
997 0.1186
998 0.1186
999 0.1861
1000 0.22
1001 0.2884
1002 0.3226
1003 0.3567
1004 0.4246
1005 0.4629
1006 0.5115
1007 0.5639
1008 0.6272
1009 0.7549
1010 0.818
1011 0.8805
1012 0.942
1013 1.0624
1014 1.1212
1015 1.1791
1016 1.2907
1017 1.3445
1018 1.3971
1019 1.4481
1020 1.4975
1021 1.5454
1022 1.6363
1023 1.6792
1024 1.7597
1025 1.7971
1026 1.8325
1027 1.8657
1028 1.8969
1029 1.9259
1030 2.1296
1031 2.0631
1032 2.1165
1033 2.2582
1034 2.3337
1035 2.4777
1036 2.5452
1037 2.6098
1038 2.7288
1039 2.7834
1040 2.8347
1041 2.8825
1042 2.9674
1043 3.0046
1044 3.0381
1045 3.0936
1046 3.1155
1047 3.1337
1048 3.148
1049 3.1584
1050 3.1649
1051 3.1662
1052 3.161
1053 3.1519
1054 3.1388
1055 3.1009
1056 2.9786
1057 2.8943
1058 2.795
1059 2.7402
1060 2.6821
1061 2.5563
1062 2.4887
1063 2.4178
1064 2.3442
1065 2.1882
1066 2.1059
1067 1.9332
1068 1.8433
1069 1.7544
1070 1.5953
1071 1.5343
1072 1.4644
1073 1.4093
1074 1.3159
1075 1.2668
1076 1.2159
1077 1.1096
1078 1.0541
1079 0.9972
1080 0.8798
1081 0.8193
1082 0.7577
1083 0.632
1084 0.5678
1085 0.5028
1086 0.3715
1087 0.2381
1088 0.1706
1089 0.1031
1090 -0.0317
1091 -0.0991
1092 -0.2337
1093 -0.3006
1094 -0.3672
1095 -0.4983
1096 -0.5629
1097 -0.627
1098 -0.6899
1099 -0.7521
1100 -0.8734
1101 -0.9325
1102 -1.0471
1103 -1.1023
1104 -1.1559
1105 -1.2458
1106 -1.2767
1107 -1.3176
1108 -1.3352
1109 -1.3646
1110 -1.3764
1111 -1.3943
1112 -1.4002
1113 -1.4041
1114 -1.4058
1115 -1.4036
1116 -1.393
1117 -1.3846
1118 -1.3741
1119 -1.3616
1120 -1.3305
1121 -1.3119
1122 -1.2687
1123 -1.2441
1124 -1.2176
1125 -1.1584
1126 -1.1085
1127 -1.0484
1128 -0.9003
1129 -0.8217
1130 -0.7415
1131 -0.6603
1132 -0.4942
1133 -0.4094
1134 -0.3236
1135 -0.2372
1136 -0.0621
1137 0.0265
1138 0.2052
1139 0.2948
1140 0.3847
1141 0.4744
1142 0.6534
1143 0.7426
1144 0.9201
1145 1.0077
1146 1.0946
1147 1.2647
1148 1.3481
1149 1.4303
1150 1.5109
1151 1.5901
1152 1.7437
1153 1.818
1154 1.8905
1155 2.0287
1156 2.0946
1157 2.1582
1158 2.2192
1159 2.3339
1160 2.3874
1161 2.4381
1162 2.5304
1163 2.572
1164 2.6106
1165 2.6779
1166 2.7067
1167 2.7322
1168 2.7727
1169 2.7878
1170 2.8075
1171 2.8121
1172 2.8132
1173 2.811
1174 2.8101
1175 2.8135
1176 2.8143
1177 2.8191
1178 2.8208
1179 2.8189
1180 2.8043
1181 2.7915
1182 2.7553
1183 2.7319
1184 2.7049
1185 2.6409
1186 2.6038
1187 2.5633
1188 2.5197
1189 2.4728
1190 2.3697
1191 2.3135
1192 2.2542
1193 2.1923
1194 2.06
1195 1.9897
1196 1.8413
1197 1.7636
1198 1.6835
1199 1.6015
1200 1.431
1201 1.2526
1202 1.1605
1203 1.0671
1204 0.8769
1205 0.7799
1206 0.6818
1207 0.583
1208 0.383
1209 0.2881
1210 0.2143
1211 0.1237
1212 -0.0576
1213 -0.1361
1214 -0.2139
1215 -0.2913
1216 -0.4453
1217 -0.5218
1218 -0.6734
1219 -0.748
1220 -0.8946
1221 -0.9662
1222 -1.0367
1223 -1.1729
1224 -1.2388
1225 -1.3031
1226 -1.4259
1227 -1.4845
1228 -1.5411
1229 -1.6475
1230 -1.6974
1231 -1.745
1232 -1.8325
1233 -1.8725
1234 -1.9447
1235 -1.9767
1236 -2.006
1237 -2.0558
1238 -2.0939
1239 -2.1085
1240 -2.1201
1241 -2.1286
1242 -2.1364
1243 -2.132
1244 -2.1251
1245 -2.1151
1246 -2.0858
1247 -2.0666
1248 -2.0442
1249 -1.9907
1250 -1.9594
1251 -1.9251
1252 -1.8482
1253 -1.76
1254 -1.7117
1255 -1.6073
1256 -1.5514
1257 -1.493
1258 -1.4323
1259 -1.304
1260 -1.2363
1261 -1.1632
1262 -1.085
1263 -1.0038
1264 -0.8258
1265 -0.7291
1266 -0.6303
1267 -0.4267
1268 -0.3225
1269 -0.2173
1270 -0.0055
1271 -0.0055
1272 0.2083
1273 0.3154
1274 0.4231
1275 0.6374
1276 0.7441
1277 0.9566
1278 1.0617
1279 1.2697
1280 1.4727
1281 1.5724
1282 1.6703
1283 1.7661
1284 1.9526
1285 2.0431
1286 2.1315
1287 2.3004
1288 2.3812
1289 2.5349
1290 2.6763
1291 2.7424
1292 2.805
1293 2.9192
1294 2.9709
1295 3.0191
1296 3.0634
1297 3.1407
1298 3.1735
1299 3.2024
1300 3.2478
1301 3.2643
1302 3.2767
1303 3.285
1304 3.2889
1305 3.2846
1306 3.2761
1307 3.2465
1308 3.2254
1309 3.2002
1310 3.1709
1311 3.1375
1312 3.0586
1313 2.9638
1314 2.9105
1315 2.7928
1316 2.7287
1317 2.6609
1318 2.5899
1319 2.4379
1320 2.357
1321 2.273
1322 2.0968
1323 2.0046
1324 1.8121
1325 1.7124
1326 1.5059
1327 1.2917
1328 1.0701
1329 0.8427
1330 0.7273
1331 0.6112
1332 0.3775
1333 0.2598
1334 0.0225
1335 -0.0963
1336 -0.3342
1337 -0.4527
1338 -0.5684
1339 -0.6784
1340 -0.919
1341 -1.3717
1342 -1.2866
1343 -1.3162
1344 -1.4033
1345 -1.5154
1346 -1.5767
1347 -1.7016
1348 -1.7632
1349 -1.882
1350 -1.9379
1351 -1.9912
1352 -2.0412
1353 -2.1322
1354 -2.1735
1355 -2.2473
1356 -2.3086
1357 -2.3346
1358 -2.3572
1359 -2.3764
1360 -2.4049
1361 -2.414
1362 -2.4198
1363 -2.4207
1364 -2.4159
1365 -2.3959
1366 -2.3619
1367 -2.3397
1368 -2.314
1369 -2.2526
1370 -2.2169
1371 -2.1356
1372 -2.0901
1373 -2.0414
1374 -1.9352
1375 -1.8776
1376 -1.8171
1377 -1.6881
1378 -1.6196
1379 -1.4747
1380 -1.3987
1381 -1.2396
1382 -1.1569
1383 -1.0721
1384 -0.9856
1385 -0.8973
1386 -0.7156
1387 -0.6224
1388 -0.5277
1389 -0.432
1390 -0.2372
1391 -0.1382
1392 -0.0384
1393 0.2628
1394 0.3639
1395 0.5668
1396 0.6677
1397 0.7683
1398 0.9673
1399 1.0659
1400 1.2608
1401 1.3566
1402 1.5448
1403 1.6367
1404 1.8159
1405 1.9027
1406 1.9877
1407 2.1504
1408 2.2284
1409 2.3039
1410 2.4465
1411 2.5137
1412 2.578
1413 2.697
1414 2.7517
1415 2.8032
1416 2.8512
1417 2.9368
1418 3.0084
1419 3.0388
1420 3.0653
1421 3.1065
1422 3.1212
1423 3.132
1424 3.1388
1425 3.1406
1426 3.1355
1427 3.1264
1428 3.0962
1429 3.0751
1430 3.0211
1431 2.9515
1432 2.9108
1433 2.8665
1434 2.7671
1435 2.6532
1436 2.591
1437 2.5254
1438 2.385
1439 2.3101
1440 2.151
1441 2.0673
1442 1.8915
1443 1.7998
1444 1.7057
1445 1.5114
1446 1.4112
1447 1.2047
1448 1.0991
1449 0.8828
1450 0.7729
1451 0.6617
1452 0.4373
1453 0.21
1454 0.0953
1455 -0.1342
1456 -0.2486
1457 -0.4772
1458 -0.5908
1459 -0.7039
1460 -0.9266
1461 -1.1454
1462 -1.2531
1463 -1.4633
1464 -1.5654
1465 -1.6657
1466 -1.859
1467 -1.9522
1468 -2.1313
1469 -2.2166
1470 -2.3789
1471 -2.4553
1472 -2.5986
1473 -2.665
1474 -2.7872
1475 -2.8425
1476 -2.9418
1477 -2.9854
1478 -3.0603
1479 -3.0912
1480 -3.1404
1481 -3.1584
1482 -3.1719
1483 -3.1854
1484 -3.1853
1485 -3.1807
1486 -3.1579
1487 -3.1397
1488 -3.117
1489 -3.0583
1490 -3.0223
1491 -2.9373
1492 -2.8883
1493 -2.8352
1494 -2.7169
1495 -2.6518
1496 -2.5828
1497 -2.4338
1498 -2.3539
1499 -2.2705
1500 -2.094
1501 -2.001
1502 -1.8057
1503 -1.5994
1504 -1.4922
1505 -1.2713
1506 -1.1578
1507 -0.9246
1508 -0.8054
1509 -0.5621
1510 -0.4386
1511 -0.1878
1512 0.0659
1513 0.3223
1514 0.4509
1515 0.7072
1516 0.8346
1517 0.9618
1518 1.2129
1519 1.3371
1520 1.4604
1521 1.7019
1522 1.8204
1523 2.0524
1524 2.2757
1525 2.384
1526 2.592
1527 2.6914
1528 2.8817
1529 2.9718
1530 3.0586
1531 3.2207
1532 3.296
1533 3.3676
1534 3.4977
1535 3.5564
1536 3.6609
1537 3.7063
1538 3.7471
1539 3.8142
1540 3.8406
1541 3.8788
1542 3.8904
1543 3.8989
1544 3.8956
1545 3.8873
1546 3.8557
1547 3.8325
1548 3.8043
1549 3.7338
1550 3.6917
1551 3.6451
1552 3.5401
1553 3.4823
1554 3.3575
1555 3.2918
1556 3.1567
1557 3.089
1558 2.9854
1559 2.9951
1560 3.0309
1561 2.4491
1562 2.3433
1563 2.1215
1564 2.0075
1565 1.8906
1566 1.527
1567 1.4015
1568 1.2738
1569 1.0158
1570 0.7524
1571 0.6187
1572 0.4843
1573 0.2146
1574 0.079
1575 -0.1933
1576 -0.4647
1577 -0.6001
1578 -0.7345
1579 -1.1305
1580 -1.2601
1581 -1.3886
1582 -1.6378
1583 -1.7592
1584 -1.8787
1585 -2.1095
1586 -2.221
1587 -2.4361
1588 -2.5389
1589 -2.7352
1590 -2.9169
1591 -3.0022
1592 -3.0832
1593 -3.2322
1594 -3.3002
1595 -3.4231
1596 -3.5271
1597 -3.572
1598 -3.6118
1599 -3.6464
1600 -3.7007
1601 -3.7202
1602 -3.7346
1603 -3.7438
1604 -3.7468
1605 -3.7393
1606 -3.7168
1607 -3.69
1608 -3.6227
1609 -3.5359
1610 -3.4823
1611 -3.3619
1612 -3.2955
1613 -3.2245
1614 -3.1494
1615 -2.9867
1616 -2.8991
1617 -2.712
1618 -2.613
1619 -2.4039
1620 -2.2944
1621 -2.0654
1622 -1.8247
1623 -1.6995
1624 -1.4388
1625 -1.305
1626 -1.0857
1627 -0.8576
1628 -0.6987
1629 -0.3708
1630 -0.2054
1631 0.1283
1632 0.2955
1633 0.4631
1634 0.7964
1635 0.9625
1636 1.2935
1637 1.4574
1638 1.6204
1639 2.0978
1640 2.2529
1641 2.4062
1642 2.7017
1643 2.8449
1644 3.1203
1645 3.2506
1646 3.4968
1647 3.612
1648 3.8283
1649 3.9303
1650 4.1224
1651 4.2164
1652 4.4036
1653 4.5881
1654 4.7631
1655 4.8457
1656 5.0013
1657 5.0736
1658 5.2073
1659 5.3271
1660 5.3827
1661 5.4362
1662 5.5305
1663 5.5656
1664 5.5889
1665 5.5983
1666 5.5855
1667 5.5668
1668 5.5151
1669 5.4942
1670 5.4818
1671 5.4049
1672 5.3464
1673 5.3154
1674 5.2549
1675 5.2275
1676 5.1747
1677 5.1178
1678 5.1009
1679 5.0839
1680 5.0717
1681 5.0483
1682 5.0279
1683 5.0186
1684 5.0099
1685 4.9962
1686 4.9821
1687 4.9742
1688 4.9657
1689 4.9475
1690 4.9382
1691 4.9219
1692 4.9142
1693 4.8986
1694 4.891
1695 4.8771
1696 4.8728
1697 4.8597
1698 4.8576
1699 4.8503
1700 4.8479
1701 4.8423
1702 4.8401
1703 4.8393
1704 4.8403
1705 4.8421
1706 4.8497
1707 4.8575
1708 4.8617
1709 4.8706
1710 4.8754
1711 4.8805
1712 4.8843
1713 4.8845
1714 4.884
1715 4.8823
1716 4.8815
1717 4.8811
1718 4.8809
1719 4.8806
1720 4.8805
1721 4.8804
1722 4.8804
1723 4.8805
1724 4.8805
1725 4.8806
1726 4.8807
1727 4.8807
1728 4.8807
1729 4.8807
1730 4.8807
1731 4.8807
1732 4.8807
1733 4.8807
1734 4.8807
