0 0.7598
1 0.7598
2 0.7598
3 0.7598
4 0.7598
5 0.7598
6 0.7598
7 0.7598
8 0.7598
9 0.7598
10 0.7598
11 0.7598
12 0.7598
13 0.7596
14 0.7596
15 0.7594
16 0.7593
17 0.7592
18 0.7591
19 0.7589
20 0.7587
21 0.7586
22 0.7584
23 0.7583
24 0.758
25 0.7578
26 0.7575
27 0.7573
28 0.7571
29 0.7567
30 0.7541
31 0.7528
32 0.7513
33 0.75
34 0.7475
35 0.7447
36 0.7441
37 0.7428
38 0.7421
39 0.7406
40 0.7399
41 0.7383
42 0.7374
43 0.7348
44 0.7329
45 0.7309
46 0.7254
47 0.723
48 0.7192
49 0.7166
50 0.7123
51 0.7078
52 0.7046
53 0.7013
54 0.696
55 0.6942
56 0.6905
57 0.6826
58 0.6784
59 0.674
60 0.6695
61 0.66
62 0.6575
63 0.6497
64 0.6444
65 0.6361
66 0.6255
67 0.6204
68 0.6195
69 0.6216
70 0.6131
71 0.609
72 0.6045
73 0.6027
74 0.5998
75 0.5992
76 0.5982
77 0.5956
78 0.5934
79 0.5926
80 0.5889
81 0.5867
82 0.583
83 0.5789
84 0.5758
85 0.5709
86 0.5674
87 0.5636
88 0.5576
89 0.5532
90 0.5487
91 0.5439
92 0.5414
93 0.5281
94 0.5224
95 0.51
96 0.5068
97 0.5002
98 0.4936
99 0.4867
100 0.4795
101 0.4684
102 0.4606
103 0.4527
104 0.4323
105 0.4238
106 0.4107
107 0.3673
108 0.3583
109 0.349
110 0.3289
111 0.3209
112 0.3124
113 0.304
114 0.2907
115 0.2678
116 0.2583
117 0.2488
118 0.2441
119 0.2302
120 0.2208
121 0.2111
122 0.1968
123 0.1872
124 0.1681
125 0.1587
126 0.1447
127 0.1356
128 0.122
129 0.1088
130 0.0957
131 0.0872
132 0.0789
133 0.0709
134 0.0591
135 0.0437
136 0.0363
137 0.0255
138 0.0157
139 0.0049
140 0.0034
141 0.0062
142 0.0101
143 0.0214
144 0.0419
145 0.0524
146 0.0628
147 0.0866
148 0.0957
149 0.1091
150 0.1214
151 0.1293
152 0.1407
153 0.1547
154 0.1678
155 0.1799
156 0.1878
157 0.1988
158 0.2057
159 0.2098
160 0.213
161 0.2154
162 0.2174
163 0.2182
164 0.2184
165 0.2179
166 0.2164
167 0.2146
168 0.2132
169 0.2106
170 0.2076
171 0.203
172 0.1931
173 0.1867
174 0.178
175 0.1745
176 0.1675
177 0.1658
178 0.1605
179 0.1561
180 0.1641
181 0.1838
182 0.2583
183 0.2873
184 0.3365
185 0.3526
186 0.3514
187 0.3478
188 0.3364
189 0.3293
190 0.3256
191 0.3179
192 0.314
193 0.3056
194 0.3012
195 0.2873
196 0.2825
197 0.2775
198 0.2675
199 0.2572
200 0.2518
201 0.2465
202 0.2357
203 0.2246
204 0.2132
205 0.2017
206 0.1959
207 0.1845
208 0.1787
209 0.1672
210 0.1614
211 0.1499
212 0.1384
213 0.1155
214 0.1041
215 0.0931
216 0.0877
217 0.0773
218 0.0724
219 0.0662
220 0.0652
221 0.0658
222 0.0677
223 0.0752
224 0.0806
225 0.0925
226 0.0984
227 0.1043
228 0.1101
229 0.1215
230 0.1326
231 0.1381
232 0.1435
233 0.1589
234 0.1638
235 0.1687
236 0.1733
237 0.1823
238 0.1867
239 0.191
240 0.1951
241 0.1991
242 0.2067
243 0.2103
244 0.2173
245 0.2205
246 0.2266
247 0.2321
248 0.2346
249 0.237
250 0.2412
251 0.2448
252 0.2479
253 0.2492
254 0.2503
255 0.2513
256 0.2522
257 0.2534
258 0.2538
259 0.2541
260 0.2542
261 0.254
262 0.2537
263 0.2532
264 0.2519
265 0.25
266 0.2476
267 0.2446
268 0.243
269 0.2393
270 0.2352
271 0.2306
272 0.2256
273 0.2202
274 0.2173
275 0.2144
276 0.2084
277 0.2053
278 0.202
279 0.1886
280 0.185
281 0.1815
282 0.1783
283 0.1792
284 0.185
285 0.1891
286 0.2005
287 0.2072
288 0.2203
289 0.2266
290 0.2386
291 0.2443
292 0.2552
293 0.2603
294 0.27
295 0.2745
296 0.2828
297 0.2902
298 0.2936
299 0.2967
300 0.3021
301 0.3044
302 0.3066
303 0.3101
304 0.3115
305 0.3136
306 0.3143
307 0.3147
308 0.315
309 0.3143
310 0.3136
311 0.3115
312 0.3086
313 0.3068
314 0.3026
315 0.3002
316 0.2976
317 0.2919
318 0.2888
319 0.282
320 0.2783
321 0.2705
322 0.223
323 0.2002
324 0.1942
325 0.1781
326 0.1683
327 0.1634
328 0.1539
329 0.1446
330 0.1018
331 0.0899
332 0.0977
333 0.1044
334 0.1249
335 0.1403
336 0.1716
337 0.187
338 0.2172
339 0.246
340 0.2738
341 0.3001
342 0.3125
343 0.3245
344 0.3361
345 0.3581
346 0.3884
347 0.4067
348 0.4151
349 0.4229
350 0.437
351 0.4433
352 0.4492
353 0.4546
354 0.4639
355 0.4715
356 0.4746
357 0.4818
358 0.4824
359 0.4821
360 0.4778
361 0.4754
362 0.4726
363 0.4658
364 0.4617
365 0.4572
366 0.4472
367 0.4416
368 0.4293
369 0.4157
370 0.4084
371 0.3929
372 0.3848
373 0.3676
374 0.3587
375 0.34
376 0.311
377 0.2943
378 0.2819
379 0.2771
380 0.2716
381 0.2644
382 0.2618
383 0.253
384 0.2498
385 0.2428
386 0.2391
387 0.2353
388 0.2273
389 0.2142
390 0.2096
391 0.195
392 0.1749
393 0.1644
394 0.1538
395 0.1486
396 0.1382
397 0.133
398 0.1224
399 0.1171
400 0.1064
401 0.1011
402 0.0905
403 0.0799
404 0.0747
405 0.0594
406 0.0495
407 0.0447
408 0.031
409 0.0225
410 0.0143
411 0.0067
412 -0.0635
413 -0.0606
414 0.0558
415 0.0918
416 0.1318
417 0.1681
418 0.2019
419 0.2181
420 0.2491
421 0.2637
422 0.292
423 0.3054
424 0.3309
425 0.3543
426 0.3652
427 0.3852
428 0.4028
429 0.4181
430 0.4249
431 0.4366
432 0.4458
433 0.4527
434 0.4573
435 0.4594
436 0.4596
437 0.4583
438 0.4548
439 0.4492
440 0.4264
441 0.4138
442 0.3835
443 0.3663
444 0.3479
445 0.3289
446 0.3091
447 0.299
448 0.2783
449 0.2677
450 0.2351
451 0.2239
452 0.2012
453 0.1899
454 0.167
455 0.1441
456 0.1212
457 0.0985
458 0.0762
459 0.0653
460 0.0441
461 0.035
462 0.116
463 0.047
464 0.081
465 0.1002
466 0.2561
467 0.2806
468 0.3049
469 0.3275
470 0.3713
471 0.4136
472 0.434
473 0.4726
474 0.4908
475 0.5252
476 0.5413
477 0.5713
478 0.5851
479 0.6105
480 0.6323
481 0.6507
482 0.6586
483 0.6715
484 0.6805
485 0.686
486 0.6874
487 0.6879
488 0.6862
489 0.6841
490 0.6776
491 0.676
492 0.6799
493 0.6935
494 0.7018
495 0.7304
496 0.7356
497 0.737
498 0.7361
499 0.7315
500 0.7278
501 0.7178
502 0.7115
503 0.6964
504 0.6877
505 0.6781
506 0.6569
507 0.6452
508 0.6196
509 0.5916
510 0.4921
511 0.4544
512 0.4149
513 0.3955
514 0.3562
515 0.3166
516 0.287
517 0.3059
518 0.2926
519 0.2926
520 0.3157
521 0.3548
522 0.3797
523 0.4026
524 0.4226
525 0.4397
526 0.4472
527 0.4654
528 0.47
529 0.4833
530 0.4839
531 0.483
532 0.4815
533 0.4765
534 0.469
535 0.459
536 0.4531
537 0.4397
538 0.4322
539 0.4241
540 0.4156
541 0.3971
542 0.3872
543 0.3767
544 0.366
545 0.3432
546 0.3312
547 0.3188
548 0.2933
549 0.2667
550 0.2246
551 0.1957
552 0.1811
553 0.1666
554 0.1521
555 0.1376
556 0.123
557 0.0936
558 0.0789
559 0.0642
560 0.0496
561 0.0351
562 0.0062
563 -0.0082
564 -0.0224
565 -0.0364
566 -0.0502
567 -0.0774
568 -0.0907
569 -0.1039
570 -0.1167
571 -0.1412
572 -0.1588
573 0.1912
574 0.2024
575 -0.1293
576 -0.1105
577 -0.0737
578 -0.0527
579 -0.0317
580 -0.011
581 0.03
582 0.0502
583 0.0703
584 0.0899
585 0.1093
586 0.1472
587 0.1657
588 0.1838
589 0.2183
590 0.2348
591 0.2509
592 0.2664
593 0.2958
594 0.3097
595 0.3231
596 0.3357
597 0.3479
598 0.3594
599 0.3807
600 0.3904
601 0.3995
602 0.4093
603 0.496
604 0.5402
605 0.5872
606 0.6327
607 0.6769
608 0.7199
609 0.8019
610 0.8408
611 0.9143
612 0.9803
613 1.0107
614 1.039
615 1.0653
616 1.0897
617 1.1334
618 1.1526
619 1.1699
620 1.1852
621 1.2104
622 1.2202
623 1.2344
624 1.2387
625 1.2411
626 1.2417
627 1.2405
628 1.2329
629 1.2264
630 1.2084
631 1.1838
632 1.1691
633 1.1528
634 1.1352
635 1.1161
636 1.0956
637 1.0503
638 1.0274
639 1.0106
640 1.0063
641 1.0172
642 1.0586
643 1.0775
644 1.1252
645 1.1252
646 1.1492
647 1.1705
648 1.1759
649 1.1742
650 1.1706
651 1.1583
652 1.1497
653 1.1395
654 1.1146
655 1.0999
656 1.0837
657 1.0475
658 1.0273
659 0.9831
660 0.9592
661 0.9351
662 0.9116
663 0.9098
664 0.9127
665 0.9233
666 0.9271
667 0.9296
668 0.9307
669 0.9306
670 0.9291
671 0.9023
672 0.8824
673 0.8273
674 0.8105
675 0.7538
676 0.7121
677 0.6427
678 0.5677
679 0.4881
680 0.4335
681 0.3519
682 0.2983
683 0.2188
684 0.1426
685 0.0938
686 0.0625
687 0.0853
688 0.232
689 0.3994
690 0.567
691 0.7705
692 0.9355
693 1.0284
694 1.1078
695 1.1113
696 1.0908
697 1.0409
698 1.0186
699 0.9684
700 0.9468
701 0.9331
702 0.9227
703 0.9176
704 0.9127
705 0.9061
706 0.8978
707 0.8762
708 0.863
709 0.8319
710 0.8142
711 0.7952
712 0.7749
713 0.7535
714 0.7308
715 0.682
716 0.6559
717 0.6007
718 0.572
719 0.5423
720 0.5122
721 0.4813
722 0.4498
723 0.3849
724 0.36
725 0.3692
726 0.3628
727 0.3823
728 0.4095
729 0.4664
730 0.5201
731 0.5456
732 0.5696
733 0.5922
734 0.6137
735 0.6531
736 0.6711
737 0.6878
738 0.703
739 0.7297
740 0.7411
741 0.7601
742 0.7675
743 0.7736
744 0.7782
745 0.7836
746 0.7843
747 0.7191
748 0.6737
749 0.6559
750 0.6188
751 0.5993
752 0.5576
753 0.5357
754 0.513
755 0.4897
756 0.4657
757 0.4193
758 0.4065
759 0.4042
760 0.4336
761 0.465
762 0.5278
763 0.5578
764 0.5867
765 0.6399
766 0.6645
767 0.7097
768 0.7488
769 0.766
770 0.7817
771 0.7956
772 0.8192
773 0.8287
774 0.8368
775 0.8433
776 0.8538
777 0.8543
778 0.8534
779 0.8469
780 0.8414
781 0.8346
782 0.8263
783 0.8058
784 0.7935
785 0.765
786 0.7318
787 0.7134
788 0.694
789 0.6736
790 0.6309
791 0.6131
792 0.6023
793 0.5931
794 0.5913
795 0.586
796 0.5769
797 0.571
798 0.564
799 0.5562
800 0.5377
801 0.5271
802 0.5156
803 0.5033
804 0.4762
805 0.4614
806 0.4296
807 0.4126
808 0.3766
809 0.3578
810 0.3383
811 0.3184
812 0.2804
813 0.2804
814 0.3095
815 0.3266
816 0.3431
817 0.3588
818 0.3875
819 0.4007
820 0.4129
821 0.4242
822 0.4439
823 0.4524
824 0.46
825 0.4666
826 0.4768
827 0.4805
828 0.4832
829 0.485
830 0.4855
831 0.4844
832 0.4793
833 0.4753
834 0.4645
835 0.4578
836 0.4502
837 0.4326
838 0.4225
839 0.4116
840 0.4001
841 0.3746
842 0.3608
843 0.3462
844 0.3311
845 0.299
846 0.282
847 0.2464
848 0.2279
849 0.1894
850 0.1498
851 0.1087
852 0.0879
853 0.0671
854 0.0462
855 0.004
856 -0.0168
857 -0.067
858 -0.067
859 -0.0559
860 -0.0497
861 -0.0342
862 -0.0269
863 -0.0128
864 -0.0062
865 0.0001
866 0.0116
867 0.0169
868 0.0265
869 0.0307
870 0.0414
871 0.0442
872 0.0487
873 0.0516
874 0.0508
875 0.0451
876 0.0423
877 0.0393
878 0.0358
879 0.0321
880 0.028
881 0.0405
882 0.0757
883 0.1111
884 0.1282
885 0.1446
886 0.1603
887 0.1897
888 0.2034
889 0.2165
890 0.2288
891 0.2403
892 0.2511
893 0.2613
894 0.2793
895 0.2872
896 0.2943
897 0.3059
898 0.3105
899 0.3143
900 0.3173
901 0.3208
902 0.3212
903 0.3202
904 0.3124
905 0.3082
906 0.3032
907 0.2976
908 0.2913
909 0.2681
910 0.259
911 0.2492
912 0.239
913 0.2168
914 0.2049
915 0.1793
916 0.1659
917 0.152
918 0.1378
919 0.1231
920 0.1081
921 0.077
922 0.061
923 0.0446
924 0.0116
925 -0.0052
926 -0.0221
927 -0.039
928 -0.0561
929 -0.0904
930 -0.1073
931 -0.1221
932 -0.1416
933 -0.1771
934 -0.1523
935 -0.1448
936 -0.1402
937 -0.1361
938 -0.1265
939 -0.1219
940 -0.1174
941 -0.113
942 -0.1048
943 -0.1009
944 -0.0972
945 -0.0937
946 -0.0871
947 -0.0842
948 -0.0813
949 -0.0788
950 -0.0764
951 -0.0742
952 -0.0704
953 -0.0688
954 -0.0674
955 -0.0663
956 -0.0646
957 -0.0641
958 -0.0638
959 -0.0637
960 -0.0638
961 -0.0647
962 -0.0655
963 -0.0664
964 -0.0676
965 -0.069
966 -0.0723
967 -0.0742
968 -0.0764
969 -0.0787
970 -0.0812
971 -0.0838
972 -0.0896
973 -0.0928
974 -0.0961
975 -0.103
976 -0.1067
977 -0.1184
978 -0.1268
979 -0.1311
980 -0.1354
981 -0.1574
982 -0.1755
983 -0.1801
984 -0.2006
985 -0.2104
986 -0.2163
987 -0.2212
988 -0.2254
989 -0.2272
990 -0.2289
991 -0.2318
992 -0.2331
993 -0.2353
994 -0.2369
995 -0.2376
996 -0.2386
997 -0.2389
998 -0.2369
999 -0.2882
1000 -0.4198
1001 -0.6302
1002 0.5956
1003 0.5056
1004 0.4222
1005 0.2822
1006 0.2286
1007 0.1908
1008 0.1749
1009 0.2068
1010 0.2418
1011 0.3235
1012 0.4081
1013 0.5312
1014 0.6078
1015 0.6437
1016 0.6775
1017 0.7395
1018 0.768
1019 0.8206
1020 0.8851
1021 0.9561
1022 0.975
1023 0.9671
1024 0.9588
1025 0.9357
1026 0.8867
1027 0.845
1028 0.7968
1029 0.7148
1030 0.6543
1031 0.5561
1032 0.4874
1033 0.3805
1034 0.237
1035 0.0946
1036 0.0255
1037 -0.0392
1038 -0.1252
1039 -0.1765
1040 -0.224
1041 -0.2459
1042 -0.287
1043 -0.306
1044 -0.3243
1045 -0.358
1046 -0.3885
1047 -0.416
1048 -0.4285
1049 -0.4508
1050 -0.4607
1051 -0.4782
1052 -0.4857
1053 -0.4987
1054 -0.5041
1055 -0.5128
1056 -0.5161
1057 -0.5207
1058 -0.522
1059 -0.5228
1060 -0.5222
1061 -0.5171
1062 -0.492
1063 -0.486
1064 -0.4725
1065 -0.4654
1066 -0.4578
1067 -0.4418
1068 -0.4333
1069 -0.4154
1070 -0.4061
1071 -0.3868
1072 -0.3768
1073 -0.3563
1074 -0.3459
1075 -0.3353
1076 -0.3247
1077 -0.3032
1078 -0.2814
1079 -0.2704
1080 -0.2487
1081 -0.238
1082 -0.2273
1083 -0.2065
1084 -0.1963
1085 -0.1862
1086 -0.1666
1087 -0.1571
1088 -0.1386
1089 -0.1297
1090 -0.121
1091 -0.1046
1092 -0.0968
1093 -0.0892
1094 -0.0751
1095 -0.0621
1096 -0.0504
1097 -0.045
1098 -0.04
1099 -0.0311
1100 -0.0272
1101 -0.0203
1102 -0.0174
1103 -0.0149
1104 -0.0109
1105 -0.0094
1106 -0.0082
1107 -0.0074
1108 -0.0068
1109 -0.007
1110 -0.0075
1111 -0.0095
1112 -0.0109
1113 -0.0127
1114 -0.017
1115 -0.0225
1116 -0.0257
1117 -0.0291
1118 -0.0366
1119 -0.0406
1120 -0.0495
1121 -0.0542
1122 -0.0643
1123 -0.0695
1124 -0.075
1125 -0.0862
1126 -0.092
1127 -0.0979
1128 -0.1039
1129 -0.1224
1130 -0.1288
1131 -0.1417
1132 -0.1545
1133 -0.1609
1134 -0.1672
1135 -0.1797
1136 -0.1858
1137 -0.1919
1138 -0.1979
1139 -0.2098
1140 -0.2156
1141 -0.2213
1142 -0.2324
1143 -0.2377
1144 -0.243
1145 -0.2529
1146 -0.2576
1147 -0.2667
1148 -0.2709
1149 -0.275
1150 -0.2826
1151 -0.2861
1152 -0.2895
1153 -0.2955
1154 -0.2982
1155 -0.303
1156 -0.305
1157 -0.3086
1158 -0.31
1159 -0.3112
1160 -0.3131
1161 -0.3137
1162 -0.3142
1163 -0.3142
1164 -0.314
1165 -0.3122
1166 -0.3112
1167 -0.3087
1168 -0.3072
1169 -0.3055
1170 -0.3016
1171 -0.2994
1172 -0.2971
1173 -0.292
1174 -0.2893
1175 -0.2865
1176 -0.2812
1177 -0.2805
1178 -0.2916
1179 -0.3075
1180 -0.3329
1181 -0.3685
1182 -0.4717
1183 -0.5385
1184 -0.7003
1185 -0.7942
1186 -0.3216
1187 -0.1962
1188 -0.1212
1189 -0.0975
1190 -0.0535
1191 -0.0128
1192 0.007
1193 0.0449
1194 0.0631
1195 0.0981
1196 0.1147
1197 0.1465
1198 0.1614
1199 0.1894
1200 0.2145
1201 0.2366
1202 0.2637
1203 0.2773
1204 0.2873
1205 0.2909
1206 0.2935
1207 0.2962
1208 0.2963
1209 0.2941
1210 0.2918
1211 0.2887
1212 0.2803
1213 0.275
1214 0.2622
1215 0.2549
1216 0.2468
1217 0.2289
1218 0.2191
1219 0.1977
1220 0.1863
1221 0.1619
1222 0.1358
1223 0.1221
1224 0.1081
1225 0.0798
1226 0.0656
1227 0.0511
1228 0.0199
1229 -0.0117
1230 -0.0276
1231 -0.0747
1232 -0.0902
1233 -0.1213
1234 -0.1366
1235 -0.1518
1236 -0.1814
1237 -0.196
1238 -0.2244
1239 -0.2382
1240 -0.2651
1241 -0.278
1242 -0.3016
1243 -0.3122
1244 -0.3255
1245 -0.3182
1246 -0.3056
1247 -0.2723
1248 -0.2537
1249 -0.2163
1250 -0.1976
1251 -0.1603
1252 -0.124
1253 -0.1061
1254 -0.0715
1255 -0.0548
1256 -0.0385
1257 -0.0073
1258 0.0076
1259 0.0221
1260 0.0493
1261 0.0622
1262 0.0863
1263 0.0975
1264 0.1081
1265 0.1359
1266 0.1439
1267 0.158
1268 0.1639
1269 0.1692
1270 0.1738
1271 0.1811
1272 0.1838
1273 0.1873
1274 0.1881
1275 0.1883
1276 0.1867
1277 0.185
1278 0.1827
1279 0.1763
1280 0.1723
1281 0.1682
1282 0.1687
1283 0.1853
1284 0.2015
1285 0.2226
1286 0.2697
1287 0.2922
1288 0.3138
1289 0.3535
1290 0.3718
1291 0.4054
1292 0.4204
1293 0.4344
1294 0.4586
1295 0.4689
1296 0.4863
1297 0.4931
1298 0.4988
1299 0.5066
1300 0.5087
1301 0.5095
1302 0.5057
1303 0.5021
1304 0.4916
1305 0.4848
1306 0.4769
1307 0.4582
1308 0.4357
1309 0.423
1310 0.4095
1311 0.3803
1312 0.3646
1313 0.348
1314 0.3309
1315 0.2946
1316 0.2755
1317 0.2558
1318 0.2152
1319 0.1942
1320 0.1728
1321 0.1306
1322 0.1217
1323 0.1507
1324 0.1178
1325 0.1348
1326 0.1665
1327 0.1819
1328 0.1966
1329 0.2236
1330 0.236
1331 0.2477
1332 0.2585
1333 0.2778
1334 0.2864
1335 0.3011
1336 0.3072
1337 0.3206
1338 0.3234
1339 0.3253
1340 0.3399
1341 0.3716
1342 0.4237
1343 0.5505
1344 0.6129
1345 0.7334
1346 0.7903
1347 0.8453
1348 0.9469
1349 0.9941
1350 1.039
1351 1.12
1352 1.1565
1353 1.1905
1354 1.2216
1355 1.2759
1356 1.2991
1357 1.3376
1358 1.3526
1359 1.3745
1360 1.3812
1361 1.3853
1362 1.3852
1363 1.3812
1364 1.3655
1365 1.345
1366 1.3475
1367 1.3819
1368 1.405
1369 1.5106
1370 1.5596
1371 1.6059
1372 1.6484
1373 1.7861
1374 1.8123
1375 1.8547
1376 1.8695
1377 1.8809
1378 1.8887
1379 1.8942
1380 1.8919
1381 1.8862
1382 1.8732
1383 1.7643
1384 1.9443
1385 2.0395
1386 2.1212
1387 2.277
1388 2.3478
1389 2.4142
1390 2.5301
1391 2.5805
1392 2.6669
1393 2.7021
1394 2.7325
1395 2.7769
1396 2.7914
1397 2.8057
1398 2.8053
1399 2.7901
1400 2.7753
1401 2.7558
1402 2.7035
1403 2.6707
1404 2.5923
1405 2.5471
1406 2.4978
1407 2.3647
1408 2.3411
1409 2.3336
1410 2.3414
1411 2.3406
1412 2.3364
1413 2.3187
1414 2.3052
1415 2.2666
1416 2.2418
1417 2.1812
1418 2.107
1419 2.065
1420 1.9721
1421 1.9215
1422 1.8681
1423 1.8124
1424 1.6931
1425 1.6297
1426 1.5014
1427 1.4184
1428 1.3951
1429 1.3732
1430 1.3611
1431 1.3471
1432 1.313
1433 1.2928
1434 1.2462
1435 1.1921
1436 1.1622
1437 1.0976
1438 1.0269
1439 0.9893
1440 0.9103
1441 0.827
1442 0.7388
1443 0.6933
1444 0.6004
1445 0.5532
1446 0.4564
1447 0.4074
1448 0.3578
1449 0.3082
1450 0.2467
1451 0.2417
1452 0.2683
1453 0.2982
1454 0.3126
1455 0.3383
1456 0.3495
1457 0.3598
1458 0.3769
1459 0.3897
1460 0.3945
1461 0.3982
1462 0.402
1463 0.4023
1464 0.3994
1465 0.3963
1466 0.3869
1467 0.3805
1468 0.3731
1469 0.3646
1470 0.3447
1471 0.3332
1472 0.3207
1473 0.2931
1474 0.253
1475 0.244
1476 0.23
1477 0.2224
1478 0.2048
1479 0.1949
1480 0.1727
1481 0.1606
1482 0.1478
1483 0.1343
1484 0.1055
1485 0.0902
1486 0.0743
1487 0.0411
1488 0.0238
1489 0.0061
1490 -0.0303
1491 -0.049
1492 -0.0874
1493 -0.107
1494 -0.1468
1495 -0.1669
1496 -0.2076
1497 -0.2279
1498 -0.2484
1499 -0.2884
1500 0.3063
1501 0.3826
1502 0.2831
1503 0.2581
1504 -0.2414
1505 -0.2255
1506 -0.1941
1507 -0.1761
1508 -0.1584
1509 -0.1411
1510 -0.0918
1511 -0.0762
1512 -0.0611
1513 -0.0336
1514 -0.0209
1515 0.0027
1516 0.0134
1517 0.0235
1518 0.0327
1519 0.0491
1520 0.0562
1521 0.0627
1522 0.0683
1523 0.0773
1524 0.0834
1525 0.0853
1526 0.0864
1527 0.0868
1528 0.0852
1529 0.0834
1530 0.0808
1531 0.0735
1532 0.0689
1533 0.0635
1534 0.0575
1535 0.0436
1536 0.0356
1537 0.0271
1538 0.0085
1539 -0.0017
1540 -0.0124
1541 -0.0235
1542 -0.0471
1543 -0.0725
1544 -0.0859
1545 -0.0996
1546 -0.1135
1547 -0.1571
1548 -0.1722
1549 -0.2032
1550 -0.2187
1551 -0.2344
1552 -0.2656
1553 -0.2813
1554 -0.297
1555 -0.3126
1556 -0.3281
1557 -0.3591
1558 -0.3746
1559 -0.3899
1560 -0.405
1561 -0.4199
1562 -0.4492
1563 -0.4635
1564 -0.4777
1565 -0.4915
1566 -0.505
1567 -0.5311
1568 -0.5437
1569 -0.556
1570 -0.5791
1571 -0.59
1572 -0.6006
1573 -0.6106
1574 -0.6201
1575 -0.6379
1576 -0.6461
1577 -0.6538
1578 -0.661
1579 -0.6677
1580 -0.6796
1581 -0.6847
1582 -0.6935
1583 -0.698
1584 -0.7035
1585 -0.7014
1586 -0.6989
1587 -0.6954
1588 -0.6896
1589 -0.686
1590 -0.6774
1591 -0.6725
1592 -0.6671
1593 -0.6614
1594 -0.6487
1595 -0.6418
1596 -0.6345
1597 -0.619
1598 -0.6108
1599 -0.6023
1600 -0.5846
1601 -0.5754
1602 -0.566
1603 -0.5564
1604 -0.5466
1605 -0.5264
1606 -0.5161
1607 -0.5056
1608 -0.4846
1609 -0.474
1610 -0.4633
1611 -0.4526
1612 -0.4312
1613 -0.4205
1614 -0.4098
1615 -0.3992
1616 -0.3886
1617 -0.3781
1618 -0.3573
1619 -0.347
1620 -0.3368
1621 -0.3172
1622 -0.3076
1623 -0.2983
1624 -0.2804
1625 -0.2718
1626 -0.2552
1627 -0.2474
1628 -0.2398
1629 -0.2258
1630 -0.2192
1631 -0.2129
1632 -0.207
1633 -0.1961
1634 -0.1911
1635 -0.1865
1636 -0.1783
1637 -0.1747
1638 -0.1715
1639 -0.1662
1640 -0.1641
1641 -0.1623
1642 -0.1609
1643 -0.1598
1644 -0.1587
1645 -0.1586
1646 -0.1693
1647 -0.1985
1648 -0.2579
1649 -0.2185
1650 -0.2428
1651 -0.3358
1652 -0.3826
1653 -0.4294
1654 -0.4752
1655 -0.5652
1656 -0.6093
1657 -0.6528
1658 -0.695
1659 -0.7363
1660 -0.7767
1661 -0.8548
1662 -0.8923
1663 -0.9641
1664 -0.9978
1665 -1.0303
1666 -1.061
1667 -1.1183
1668 -1.1448
1669 -1.1699
1670 -1.1931
1671 -1.2389
1672 -1.2926
1673 -1.3353
1674 -1.4111
1675 -1.4906
1676 -1.5681
1677 -1.6432
1678 -1.7856
1679 -1.8528
1680 -1.9172
1681 -1.9777
1682 -2.0353
1683 -2.0898
1684 -2.1411
1685 -2.2342
1686 -2.3504
1687 -2.3155
1688 -2.3533
1689 -2.4178
1690 -2.445
1691 -2.4687
1692 -2.4883
1693 -2.5044
1694 -2.5169
1695 -2.5259
1696 -2.5313
1697 -2.5331
1698 -2.5315
1699 -2.5265
1700 -2.518
1701 -2.491
1702 -2.4725
1703 -2.4507
1704 -2.4259
1705 -2.398
1706 -2.2842
1707 -2.374
1708 -2.4169
1709 -2.4693
1710 -2.5248
1711 -2.5767
1712 -2.6248
1713 -2.7093
1714 -2.7457
1715 -2.778
1716 -2.8058
1717 -2.8295
1718 -2.8519
1719 -2.8838
1720 -2.8934
1721 -2.8986
1722 -2.8995
1723 -2.8962
1724 -2.8888
1725 -2.8774
1726 -2.8619
1727 -2.8229
1728 -2.826
1729 -2.7266
1730 -2.8884
1731 -2.8884
1732 -2.9866
1733 -3.0419
1734 -3.0934
1735 -3.1398
1736 -3.2185
1737 -3.2507
1738 -3.2781
1739 -3.3002
1740 -3.3298
1741 -3.3374
1742 -3.3401
1743 -3.3378
1744 -3.3193
1745 -3.3031
1746 -3.2823
1747 -3.2274
1748 -3.1934
1749 -3.1552
1750 -3.113
1751 -3.0692
1752 -3.0153
1753 -3.0286
1754 -3.0119
1755 -3.0224
1756 -3.0675
1757 -3.0871
1758 -3.1025
1759 -3.1132
1760 -3.1211
1761 -3.1184
1762 -3.1113
1763 -3.0839
1764 -3.0638
1765 -3.0395
1766 -3.0113
1767 -2.943
1768 -2.903
1769 -2.8593
1770 -2.8122
1771 -2.7076
1772 -2.6502
1773 -2.5895
1774 -2.4603
1775 -2.3917
1776 -2.3202
1777 -2.1717
1778 -2.0942
1779 -1.9477
1780 -1.8903
1781 -1.7834
1782 -1.737
1783 -1.6889
1784 -1.6396
1785 -1.536
1786 -1.4818
1787 -1.369
1788 -1.311
1789 -1.1912
1790 -1.1303
1791 -1.0684
1792 -0.9443
1793 -0.8815
1794 -0.7544
1795 -0.6908
1796 -0.627
1797 -0.5011
1798 -0.4385
1799 -0.3138
1800 -0.253
1801 -0.1627
1802 -0.1363
1803 -0.091
1804 -0.0696
1805 -0.0487
1806 -0.009
1807 0.0101
1808 0.0287
1809 0.0638
1810 0.0804
1811 0.0965
1812 0.1266
1813 0.1407
1814 0.1671
1815 0.1793
1816 0.1909
1817 0.2018
1818 0.2217
1819 0.2308
1820 0.2392
1821 0.2535
1822 0.2533
1823 0.2383
1824 0.2121
1825 0.198
1826 0.1834
1827 0.1537
1828 0.1385
1829 0.123
1830 0.0918
1831 0.0761
1832 0.0602
1833 0.0287
1834 0.013
1835 -0.0027
1836 -0.0335
1837 -0.0487
1838 -0.0637
1839 -0.0785
1840 -0.1075
1841 -0.1216
1842 -0.1493
1843 -0.1626
1844 -0.1882
1845 -0.2004
1846 -0.2123
1847 -0.2344
1848 -0.2448
1849 -0.2548
1850 -0.2642
1851 -0.2817
1852 -0.2897
1853 -0.2973
1854 -0.3107
1855 -0.3166
1856 -0.3219
1857 -0.3267
1858 -0.3347
1859 -0.3406
1860 -0.3444
1861 -0.3455
1862 -0.3464
1863 -0.3468
1864 -0.347
1865 -0.3471
1866 -0.3472
1867 -0.3467
1868 -0.3456
1869 -0.3441
1870 -0.3395
1871 -0.3365
1872 -0.3331
1873 -0.3291
1874 -0.3199
1875 -0.3147
1876 -0.309
1877 -0.3029
1878 -0.2897
1879 -0.2824
1880 -0.2749
1881 -0.2589
1882 -0.2504
1883 -0.2416
1884 -0.2327
1885 -0.214
1886 -0.2043
1887 -0.1944
1888 -0.1843
1889 -0.1741
1890 -0.1532
1891 -0.1425
1892 -0.1317
1893 -0.1102
1894 -0.0993
1895 -0.0885
1896 -0.0669
1897 -0.0563
1898 -0.0456
1899 -0.0351
1900 -0.0143
1901 -0.004
1902 0.0162
1903 0.0261
1904 0.0378
1905 -0.1482
1906 0.1188
1907 0.1181
1908 0.1384
1909 0.1855
1910 0.2081
1911 0.2301
1912 0.2511
1913 0.291
1914 0.3099
1915 0.328
1916 0.3451
1917 0.3769
1918 0.3915
1919 0.4054
1920 0.43
1921 0.4409
1922 0.451
1923 0.46
1924 0.4681
1925 0.4817
1926 0.4871
1927 0.4917
1928 0.4979
1929 0.4997
1930 0.5005
1931 0.5005
1932 0.4996
1933 0.4953
1934 0.4918
1935 0.4825
1936 0.4767
1937 0.4627
1938 0.4458
1939 0.4364
1940 0.4263
1941 0.4156
1942 0.4043
1943 0.3799
1944 0.3669
1945 0.3392
1946 0.3099
1947 0.2946
1948 0.2633
1949 0.2473
1950 0.163
1951 0.128
1952 0.0924
1953 0.0587
1954 0.0424
1955 0.0264
1956 0.0107
1957 -0.0202
1958 -0.0353
1959 -0.0503
1960 -0.0649
1961 -0.0792
1962 -0.107
1963 -0.1338
1964 -0.1467
1965 -0.1586
1966 -0.1873
1967 -0.193
1968 -0.145
1969 -0.1091
1970 -0.0692
1971 0.01
1972 0.0492
1973 0.1269
1974 0.1646
1975 0.2019
1976 0.2382
1977 0.3088
1978 0.343
1979 0.3765
1980 0.4087
1981 0.4705
1982 0.4999
1983 0.5284
1984 0.5554
1985 0.6061
1986 0.6298
1987 0.6522
1988 0.6732
1989 0.7113
1990 0.7442
1991 0.7442
1992 0.7711
1993 0.7822
1994 0.792
1995 0.8002
1996 0.8136
1997 0.8357
1998 0.8652
1999 0.9037
2000 1.0104
2001 1.0685
2002 1.1248
2003 1.1783
2004 1.2782
2005 1.3247
2006 1.4101
2007 1.4484
2008 1.5171
2009 1.5735
2010 1.5972
2011 1.6177
2012 1.6492
2013 1.6604
2014 1.6688
2015 1.6765
2016 1.676
2017 1.6666
2018 1.6577
2019 1.6317
2020 1.6148
2021 1.5953
2022 1.5735
2023 1.5492
2024 1.5225
2025 1.4624
2026 1.4289
2027 1.3934
2028 1.356
2029 1.2756
2030 1.2327
2031 1.1879
2032 1.1419
2033 1.0455
2034 0.9951
2035 0.9434
2036 0.891
2037 0.8419
2038 0.8206
2039 0.8288
2040 0.927
2041 0.927
2042 1.0891
2043 1.1791
2044 1.3548
2045 1.4386
2046 1.5195
2047 1.5964
2048 1.741
2049 1.8085
2050 1.8728
2051 1.9328
2052 1.9892
2053 2.0914
2054 2.1369
2055 2.1787
2056 2.2161
2057 2.2496
2058 2.3051
2059 2.3269
2060 2.3449
2061 2.368
2062 2.3735
2063 2.3751
2064 2.3726
2065 2.3561
2066 2.3422
2067 2.3245
2068 2.2785
2069 2.2785
2070 2.2186
2071 2.1838
2072 2.1454
2073 2.1041
2074 2.0598
2075 1.9623
2076 1.9093
2077 1.8535
2078 1.7957
2079 1.7354
2080 1.6115
2081 1.5459
2082 1.4782
2083 1.3386
2084 1.2664
2085 1.1172
2086 1.0411
2087 0.9638
2088 0.8863
2089 0.7616
2090 0.7334
2091 0.7305
2092 0.7573
2093 0.806
2094 0.9555
2095 1.0335
2096 1.1098
2097 1.1829
2098 1.3217
2099 1.3872
2100 1.45
2101 1.5092
2102 1.6187
2103 1.669
2104 1.7161
2105 1.7593
2106 1.8359
2107 1.8991
2108 1.8991
2109 1.9473
2110 1.9655
2111 1.9806
2112 1.9919
2113 2.0039
2114 2.0047
2115 2.002
2116 1.9959
2117 1.9737
2118 1.9576
2119 1.9383
2120 1.916
2121 1.8623
2122 1.8309
2123 1.7595
2124 1.7198
2125 1.6325
2126 1.5854
2127 1.5359
2128 1.4316
2129 1.3765
2130 1.2603
2131 1.2
2132 1.1381
2133 1.0116
2134 0.9466
2135 0.8805
2136 0.7472
2137 0.6795
2138 0.6111
2139 0.543
2140 0.4226
2141 0.3793
2142 0.3463
2143 0.3205
2144 0.3174
2145 0.3145
2146 0.3125
2147 0.3069
2148 0.3032
2149 0.2989
2150 0.2886
2151 0.2825
2152 0.2759
2153 0.2687
2154 0.2609
2155 0.2436
2156 0.2341
2157 0.2241
2158 0.2026
2159 0.1911
2160 0.1666
2161 0.1538
2162 0.1266
2163 0.1125
2164 0.098
2165 0.0683
2166 0.053
2167 0.0214
2168 0.0053
2169 -0.0108
2170 -0.0268
2171 0.0478
2172 0.0734
2173 0.1215
2174 0.1723
2175 0.272
2176 0.3204
2177 0.3678
2178 0.4133
2179 0.5003
2180 0.5417
2181 0.5817
2182 0.6196
2183 0.6906
2184 0.7236
2185 0.7549
2186 0.784
2187 0.8367
2188 0.8603
2189 0.8819
2190 0.9013
2191 0.9343
2192 0.9594
2193 0.9689
2194 0.9763
2195 0.9846
2196 0.9856
2197 0.9847
2198 0.9767
2199 0.9698
2200 0.9503
2201 0.9233
2202 0.9071
2203 0.8696
2204 0.8485
2205 0.8015
2206 0.7759
2207 0.7487
2208 0.691
2209 0.6604
2210 0.6284
2211 0.5957
2212 0.5618
2213 0.491
2214 0.4542
2215 0.4166
2216 0.3857
2217 0.3671
2218 0.3575
2219 0.3689
2220 0.3895
2221 0.4495
2222 0.4793
2223 0.5079
2224 0.5601
2225 0.5839
2226 0.6063
2227 0.6268
2228 0.6634
2229 0.6794
2230 0.6938
2231 0.7171
2232 0.7263
2233 0.7338
2234 0.7435
2235 0.7458
2236 0.7455
2237 0.7428
2238 0.7386
2239 0.7253
2240 0.7163
2241 0.7058
2242 0.6938
2243 0.6655
2244 0.6493
2245 0.6316
2246 0.5927
2247 0.5715
2248 0.549
2249 0.5011
2250 0.4756
2251 0.4492
2252 0.4219
2253 0.3649
2254 0.335
2255 0.3044
2256 0.2734
2257 0.2095
2258 0.1766
2259 0.1093
2260 0.0753
2261 0.0063
2262 -0.0283
2263 -0.0979
2264 -0.1325
2265 -0.1672
2266 -0.2351
2267 -0.2664
2268 -0.2891
2269 -0.3026
2270 -0.2913
2271 -0.2698
2272 -0.2378
2273 -0.1691
2274 -0.135
2275 -0.0678
2276 -0.0352
2277 -0.0032
2278 0.0577
2279 0.0869
2280 0.1153
2281 0.1426
2282 0.1945
2283 0.219
2284 0.2652
2285 0.2865
2286 0.3067
2287 0.343
2288 0.3592
2289 0.3743
2290 0.388
2291 0.4004
2292 0.4216
2293 0.4304
2294 0.4378
2295 0.4487
2296 0.4521
2297 0.4543
2298 0.4548
2299 0.4531
2300 0.4502
2301 0.4407
2302 0.4342
2303 0.4176
2304 0.4077
2305 0.3966
2306 0.3845
2307 0.3714
2308 0.3423
2309 0.3262
2310 0.3093
2311 0.254
2312 0.2341
2313 0.192
2314 0.1703
2315 0.1514
2316 0.1439
2317 0.1302
2318 0.1403
2319 0.1586
2320 0.1937
2321 0.2102
2322 0.2408
2323 0.2545
2324 0.2673
2325 0.2895
2326 0.299
2327 0.3076
2328 0.315
2329 0.3214
2330 0.3311
2331 0.3344
2332 0.3366
2333 0.3379
2334 0.337
2335 0.335
2336 0.3321
2337 0.3232
2338 0.3172
2339 0.3103
2340 0.3025
2341 0.2937
2342 0.2736
2343 0.2622
2344 0.2564
2345 0.2654
2346 0.2853
2347 0.3257
2348 0.3624
2349 0.3791
2350 0.4084
2351 0.4209
2352 0.4321
2353 0.4419
2354 0.4577
2355 0.4637
2356 0.4684
2357 0.4718
2358 0.4746
2359 0.4741
2360 0.4724
2361 0.4693
2362 0.4596
2363 0.4529
2364 0.445
2365 0.436
2366 0.4146
2367 0.4025
2368 0.3941
2369 0.3943
2370 0.3983
2371 0.4013
2372 0.404
2373 0.4037
2374 0.4023
2375 0.3997
2376 0.187
2377 0.144
2378 0.1477
2379 0.1309
2380 0.1371
2381 0.1481
2382 0.1529
2383 0.1606
2384 0.1633
2385 0.1669
2386 0.1676
2387 0.1671
2388 0.1657
2389 0.1637
2390 0.161
2391 0.1535
2392 0.1488
2393 0.1434
2394 0.1374
2395 0.1234
2396 0.1155
2397 0.1069
2398 0.0979
2399 -0.0887
