0 0.7598
1 0.7598
2 0.7598
3 0.7598
4 0.7598
5 0.7598
6 0.7598
7 0.7598
8 0.7598
9 0.7599
10 0.7599
11 0.7598
12 0.7597
13 0.7596
14 0.7596
15 0.7594
16 0.7592
17 0.7591
18 0.7589
19 0.7587
20 0.7585
21 0.7583
22 0.7579
23 0.7577
24 0.7575
25 0.757
26 0.7565
27 0.7562
28 0.7556
29 0.7553
30 0.7549
31 0.7546
32 0.7538
33 0.7533
34 0.7529
35 0.7524
36 0.7509
37 0.7498
38 0.7491
39 0.7485
40 0.7478
41 0.7471
42 0.7456
43 0.744
44 0.7431
45 0.7413
46 0.7404
47 0.7394
48 0.7383
49 0.7372
50 0.7349
51 0.7337
52 0.7324
53 0.7297
54 0.7282
55 0.7267
56 0.7251
57 0.7218
58 0.72
59 0.7182
60 0.7143
61 0.7102
62 0.7058
63 0.7034
64 0.7011
65 0.6986
66 0.6934
67 0.6934
68 0.6879
69 0.685
70 0.682
71 0.6789
72 0.6757
73 0.6691
74 0.6656
75 0.6584
76 0.6546
77 0.6508
78 0.6468
79 0.6385
80 0.6342
81 0.6297
82 0.6205
83 0.6157
84 0.6108
85 0.6058
86 0.6006
87 0.5899
88 0.5843
89 0.5785
90 0.5727
91 0.5667
92 0.5605
93 0.5478
94 0.5411
95 0.5343
96 0.5274
97 0.5131
98 0.5057
99 0.4981
100 0.4904
101 0.4744
102 0.4662
103 0.4578
104 0.4494
105 0.4331
106 0.4252
107 0.4175
108 0.4104
109 0.398
110 0.3931
111 0.3896
112 0.3753
113 0.367
114 0.3458
115 0.3257
116 0.3062
117 0.2967
118 0.2873
119 0.2687
120 0.2593
121 0.2498
122 0.2403
123 0.2208
124 0.2108
125 0.2006
126 0.1902
127 0.1795
128 0.1575
129 0.1462
130 0.1346
131 0.1229
132 0.0987
133 0.0863
134 0.0736
135 0.0608
136 0.0344
137 0.0208
138 0.007
139 -0.007
140 -0.0212
141 -0.0503
142 -0.0653
143 -0.0959
144 -0.1115
145 -0.1273
146 -0.1432
147 -0.1594
148 -0.1926
149 -0.2095
150 -0.2267
151 -0.2439
152 -0.2792
153 -0.2972
154 -0.3155
155 -0.3708
156 -0.3708
157 -0.4087
158 -0.4278
159 -0.4472
160 -0.4667
161 -0.4865
162 -0.5266
163 -0.547
164 -0.5676
165 -0.5883
166 -0.6513
167 -0.6727
168 -0.6942
169 -0.7366
170 -0.7583
171 -0.7792
172 -0.8226
173 -0.8439
174 -0.8661
175 -0.8876
176 -0.9095
177 -0.9316
178 -0.9537
179 -0.9982
180 -1.0206
181 -1.0433
182 -1.0875
183 -1.1095
184 -1.1321
185 -1.1538
186 -1.1761
187 -1.2204
188 -1.2421
189 -1.2643
190 -1.2859
191 -1.3078
192 -1.351
193 -1.3723
194 -1.3941
195 -1.4357
196 -1.4562
197 -1.4769
198 -1.4967
199 -1.5367
200 -1.5566
201 -1.5759
202 -1.6138
203 -1.6325
204 -1.6505
205 -1.6685
206 -1.686
207 -1.7203
208 -1.7372
209 -1.7534
210 -1.7695
211 -1.8
212 -1.8146
213 -1.8291
214 -1.8427
215 -1.8689
216 -1.8815
217 -1.8933
218 -1.9153
219 -1.9257
220 -1.9352
221 -1.9527
222 -1.9606
223 -1.9678
224 -1.9745
225 -1.9803
226 -1.9903
227 -1.9945
228 -1.9977
229 -2.0003
230 -1.9983
231 -1.9952
232 -1.9866
233 -1.9811
234 -1.9749
235 -1.9679
236 -1.9515
237 -1.942
238 -1.9317
239 -1.9207
240 -1.8958
241 -1.8821
242 -1.8676
243 -1.8521
244 -1.8357
245 -1.8002
246 -1.7811
247 -1.7608
248 -1.7399
249 -1.6952
250 -1.6712
251 -1.6465
252 -1.6209
253 -1.5666
254 -1.5381
255 -1.5085
256 -1.447
257 -1.415
258 -1.3819
259 -1.3481
260 -1.2772
261 -1.2399
262 -1.1607
263 -1.0769
264 -0.9876
265 -0.9547
266 -0.8457
267 -0.7454
268 -0.6933
269 -0.6405
270 -0.5324
271 -0.4772
272 -0.4215
273 -0.3084
274 -0.2509
275 -0.1929
276 -0.0756
277 0.1049
278 0.1665
279 0.2282
280 0.3501
281 0.4112
282 0.4732
283 0.5349
284 0.6599
285 0.7232
286 0.7868
287 0.9133
288 0.9769
289 1.0406
290 1.167
291 1.2939
292 1.3575
293 1.4206
294 1.5453
295 1.6074
296 1.6694
297 1.7914
298 1.852
299 1.9123
300 2.0307
301 2.0892
302 2.2052
303 2.3178
304 2.4281
305 2.4819
306 2.5345
307 2.5858
308 2.6865
309 2.7358
310 2.7841
311 2.8311
312 2.9222
313 2.9661
314 3.0509
315 3.0911
316 3.1301
317 3.1674
318 3.2378
319 3.271
320 3.3028
321 3.3326
322 3.3874
323 3.4343
324 3.4547
325 3.4726
326 3.5017
327 3.5224
328 3.5298
329 3.5348
330 3.5386
331 3.5373
332 3.5338
333 3.5282
334 3.5203
335 3.5103
336 3.4837
337 3.4673
338 3.4487
339 3.4056
340 3.3807
341 3.3243
342 3.2929
343 3.2234
344 3.1858
345 3.1456
346 3.0598
347 3.0139
348 2.9653
349 2.9154
350 2.8083
351 2.7512
352 2.6925
353 2.5695
354 2.5046
355 2.3691
356 2.2268
357 2.1532
358 2.0774
359 1.923
360 1.8442
361 1.6821
362 1.5994
363 1.4348
364 1.3725
365 1.3323
366 1.1742
367 1.0861
368 0.907
369 0.8165
370 0.7236
371 0.6309
372 0.4405
373 0.3429
374 0.2448
375 0.0468
376 -0.155
377 -0.3613
378 -0.4654
379 -0.5687
380 -0.6725
381 -0.7762
382 -0.9865
383 -1.093
384 -1.1992
385 -1.3055
386 -1.4114
387 -1.5183
388 -1.732
389 -1.8388
390 -1.9463
391 -2.052
392 -2.1582
393 -2.3692
394 -2.4735
395 -2.5783
396 -2.6805
397 -2.7829
398 -2.9846
399 -3.0839
400 -3.2793
401 -3.3733
402 -3.4635
403 -3.6341
404 -3.7171
405 -3.7988
406 -3.8787
407 -3.9573
408 -4.0355
409 -4.1882
410 -4.2637
411 -4.3387
412 -4.4135
413 -4.5622
414 -4.6361
415 -4.7814
416 -4.8333
417 -4.8832
418 -4.9697
419 -5.0072
420 -5.0439
421 -5.0772
422 -5.1436
423 -5.1763
424 -5.2391
425 -5.2391
426 -5.2999
427 -5.3295
428 -5.3593
429 -5.419
430 -5.4456
431 -5.4686
432 -5.5079
433 -5.5277
434 -5.5461
435 -5.5651
436 -5.5898
437 -5.5981
438 -5.5992
439 -5.5977
440 -5.5897
441 -5.5835
442 -5.5636
443 -5.5494
444 -5.5342
445 -5.5176
446 -5.5007
447 -5.4664
448 -5.4496
449 -5.4329
450 -5.4006
451 -5.3846
452 -5.5796
453 -5.5068
454 -5.3806
455 -5.3276
456 -5.2439
457 -5.2135
458 -5.1917
459 -5.1645
460 -5.1517
461 -5.1374
462 -5.1183
463 -5.0784
464 -5.0615
465 -5.0449
466 -5.0266
467 -4.9799
468 -4.9591
469 -4.9389
470 -4.9187
471 -4.8782
472 -4.8594
473 -4.8396
474 -4.8199
475 -4.783
476 -4.762
477 -4.7397
478 -4.7167
479 -4.6693
480 -4.6456
481 -4.6217
482 -4.5975
483 -4.5483
484 -4.5219
485 -4.485
486 -4.4474
487 -4.3704
488 -4.3307
489 -4.2899
490 -4.2483
491 -4.2056
492 -4.1167
493 -4.0704
494 -3.9701
495 -3.9165
496 -3.805
497 -3.7468
498 -3.6873
499 -3.5644
500 -3.501
501 -3.4364
502 -3.3034
503 -3.235
504 -3.1654
505 -3.0945
506 -2.9472
507 -2.8711
508 -2.794
509 -2.7157
510 -2.5556
511 -2.4739
512 -2.3061
513 -2.2207
514 -2.133
515 -1.9545
516 -1.8653
517 -1.7729
518 -1.5855
519 -1.4905
520 -1.3934
521 -1.2954
522 -1.096
523 -0.9939
524 -0.8918
525 -0.7892
526 -0.6851
527 -0.4739
528 -0.3648
529 -0.2576
530 -0.0385
531 0.0735
532 0.2973
533 0.4095
534 0.5252
535 0.7548
536 0.9878
537 1.1033
538 1.222
539 1.3388
540 1.5764
541 1.6977
542 1.8172
543 1.9391
544 2.0584
545 2.181
546 2.3026
547 2.5474
548 2.6719
549 2.7937
550 2.9186
551 3.1667
552 3.2913
553 3.4133
554 3.5348
555 3.7804
556 3.8939
557 4.0075
558 4.1254
559 4.3594
560 4.4767
561 4.5949
562 4.8302
563 4.9471
564 5.0654
565 5.1823
566 5.3004
567 5.5366
568 5.6551
569 5.8906
570 6.0094
571 6.1268
572 6.3611
573 6.4746
574 6.5863
575 6.696
576 6.9118
577 7.0206
578 7.2395
579 7.3486
580 7.4574
581 7.5675
582 7.6795
583 7.7947
584 7.9114
585 8.0292
586 8.143
587 8.37
588 8.485
589 8.5994
590 8.7137
591 8.828
592 8.9421
593 9.1697
594 9.2832
595 9.397
596 9.51
597 9.624
598 9.8469
599 9.9557
600 10.066
601 10.1763
602 10.2894
603 10.4011
604 10.6219
605 10.7319
606 10.8395
607 10.9463
608 11.1566
609 11.2602
610 11.466
611 11.5672
612 11.6674
613 11.7659
614 11.8644
615 11.9609
616 12.1503
617 12.2436
618 12.4254
619 12.5145
620 12.6024
621 12.6881
622 12.7725
623 12.8561
624 13.0175
625 13.0956
626 13.1724
627 13.2475
628 13.3912
629 13.461
630 13.5287
631 13.594
632 13.7191
633 13.7788
634 13.8911
635 13.9444
636 13.9955
637 14.0902
638 14.1344
639 14.2154
640 14.2522
641 14.2868
642 14.3189
643 14.3752
644 14.3997
645 14.4216
646 14.4572
647 14.4711
648 14.4823
649 14.4965
650 14.4997
651 14.4972
652 14.4918
653 14.4836
654 14.4587
655 14.442
656 14.3745
657 14.3462
658 14.3149
659 14.2807
660 14.204
661 14.1611
662 14.1151
663 14.0668
664 12.9023
665 12.8063
666 12.6061
667 12.5031
668 12.2884
669 12.0645
670 11.9489
671 11.8311
672 11.5892
673 11.2096
674 11.0801
675 10.9477
676 10.8138
677 10.5408
678 10.4014
679 10.2608
680 9.9751
681 9.8298
682 9.5352
683 9.3873
684 9.2371
685 8.9337
686 8.7819
687 8.628
688 8.3183
689 8.1637
690 8.0074
691 7.6939
692 5.9834
