0 0.7598
1 0.7598
2 0.7598
3 0.7598
4 0.7598
5 0.7598
6 0.7598
7 0.7598
8 0.7598
9 0.7598
10 0.7599
11 0.7598
12 0.7598
13 0.7597
14 0.7596
15 0.7594
16 0.7593
17 0.7592
18 0.7591
19 0.7589
20 0.7587
21 0.7586
22 0.7584
23 0.7583
24 0.758
25 0.7578
26 0.7576
27 0.7573
28 0.7571
29 0.7569
30 0.7567
31 0.7562
32 0.756
33 0.7558
34 0.7555
35 0.7551
36 0.7548
37 0.7545
38 0.754
39 0.7537
40 0.753
41 0.7527
42 0.752
43 0.7516
44 0.7513
45 0.7509
46 0.7501
47 0.7497
48 0.7492
49 0.7488
50 0.7484
51 0.7474
52 0.7464
53 0.7464
54 0.7454
55 0.7448
56 0.7443
57 0.743
58 0.7418
59 0.7404
60 0.7404
61 0.7397
62 0.7382
63 0.7374
64 0.7366
65 0.7349
66 0.734
67 0.7322
68 0.7312
69 0.7302
70 0.7281
71 0.7271
72 0.7259
73 0.7237
74 0.7225
75 0.72
76 0.7187
77 0.7161
78 0.7147
79 0.7133
80 0.7119
81 0.7089
82 0.7074
83 0.7058
84 0.7026
85 0.7009
86 0.6992
87 0.6957
88 0.6939
89 0.6902
90 0.6902
91 0.6863
92 0.6844
93 0.6823
94 0.6782
95 0.6738
96 0.6716
97 0.6693
98 0.6647
99 0.6599
100 0.6575
101 0.655
102 0.6499
103 0.6446
104 0.6446
105 0.6418
106 0.6363
107 0.6335
108 0.6307
109 0.6282
110 0.6258
111 0.6221
112 0.6207
113 0.6199
114 0.6201
115 0.6238
116 0.6158
117 0.6132
118 0.6109
119 0.6073
120 0.6059
121 0.6048
122 0.6038
123 0.6013
124 0.6005
125 0.6003
126 0.6001
127 0.5999
128 0.5997
129 0.5994
130 0.5984
131 0.5976
132 0.5971
133 0.5959
134 0.5953
135 0.5947
136 0.5932
137 0.5924
138 0.5916
139 0.5888
140 0.5878
141 0.5856
142 0.5845
143 0.582
144 0.5807
145 0.5794
146 0.5765
147 0.575
148 0.5735
149 0.5719
150 0.5685
151 0.5667
152 0.5649
153 0.563
154 0.5591
155 0.5571
156 0.555
157 0.5507
158 0.5484
159 0.5461
160 0.5438
161 0.5413
162 0.5389
163 0.5338
164 0.5311
165 0.5284
166 0.5229
167 0.52
168 0.5171
169 0.5141
170 0.508
171 0.5018
172 0.5018
173 0.4985
174 0.4919
175 0.4886
176 0.4851
177 0.4817
178 0.4782
179 0.4709
180 0.4634
181 0.4595
182 0.4557
183 0.4478
184 0.4439
185 0.4357
186 0.4315
187 0.4273
188 0.4188
189 0.4144
190 0.4055
191 0.401
192 0.3919
193 0.3872
194 0.3825
195 0.3778
196 0.3684
197 0.3635
198 0.3586
199 0.3537
200 0.3438
201 0.3388
202 0.3286
203 0.3184
204 0.3132
205 0.308
206 0.3028
207 0.2923
208 0.287
209 0.2763
210 0.271
211 0.2602
212 0.2548
213 0.2494
214 0.2385
215 0.2331
216 0.2276
217 0.2222
218 0.2113
219 0.2058
220 0.2002
221 0.1948
222 0.1838
223 0.1783
224 0.1728
225 0.1674
226 0.1564
227 0.151
228 0.1455
229 0.1401
230 0.1293
231 0.1239
232 0.1186
233 0.1132
234 0.1026
235 0.0974
236 0.0921
237 0.0869
238 0.0766
239 0.0664
240 0.0614
241 0.0515
242 0.0466
243 0.0418
244 0.0371
245 0.0277
246 0.0139
247 0.0094
248 0.005
249 -0.0035
250 -0.0077
251 -0.0158
252 -0.0198
253 -0.0237
254 -0.0275
255 -0.035
256 -0.0383
257 -0.0411
258 -0.0449
259 -0.046
260 -0.0464
261 -0.0463
262 -0.0458
263 -0.0423
264 -0.0399
265 -0.0331
266 -0.0241
267 -0.0191
268 -0.014
269 -0.0089
270 0.0015
271 0.0067
272 0.012
273 0.0227
274 0.0281
275 0.0336
276 0.0445
277 0.05
278 0.0611
279 0.0668
280 0.0782
281 0.0895
282 0.101
283 0.1124
284 0.1181
285 0.1239
286 0.1295
287 0.1409
288 0.1467
289 0.1523
290 0.1636
291 0.1694
292 0.1749
293 0.1861
294 0.1972
295 0.2028
296 0.2082
297 0.2137
298 0.2244
299 0.2297
300 0.235
301 0.2455
302 0.2505
303 0.2557
304 0.2656
305 0.2705
306 0.2754
307 0.2848
308 0.2894
309 0.2985
310 0.3073
311 0.3116
312 0.3199
313 0.3238
314 0.3278
315 0.3389
316 0.3425
317 0.3459
318 0.3493
319 0.3557
320 0.3617
321 0.3617
322 0.3673
323 0.3699
324 0.3725
325 0.3773
326 0.3773
327 0.3816
328 0.3835
329 0.3873
330 0.389
331 0.3905
332 0.3921
333 0.3934
334 0.3946
335 0.3968
336 0.3976
337 0.3985
338 0.3991
339 0.4001
340 0.4004
341 0.4007
342 0.4005
343 0.4002
344 0.3999
345 0.3988
346 0.3972
347 0.3962
348 0.3951
349 0.3926
350 0.3912
351 0.3897
352 0.3881
353 0.3864
354 0.3873
355 0.3889
356 0.3941
357 0.3972
358 0.4013
359 0.4062
360 0.4181
361 0.4241
362 0.4299
363 0.441
364 0.4462
365 0.4563
366 0.4609
367 0.4699
368 0.4741
369 0.478
370 0.4853
371 0.4887
372 0.4919
373 0.4949
374 0.4976
375 0.5026
376 0.5048
377 0.5067
378 0.5085
379 0.5114
380 0.5126
381 0.5143
382 0.5148
383 0.5151
384 0.5151
385 0.5148
386 0.5126
387 0.5115
388 0.5101
389 0.5068
390 0.5049
391 0.5005
392 0.4979
393 0.4922
394 0.4891
395 0.4858
396 0.4787
397 0.4749
398 0.4667
399 0.4624
400 0.4579
401 0.4484
402 0.4434
403 0.433
404 0.4276
405 0.422
406 0.4105
407 0.4046
408 0.3923
409 0.386
410 0.373
411 0.3664
412 0.3596
413 0.3528
414 0.3389
415 0.3246
416 0.3246
417 0.3174
418 0.3028
419 0.2954
420 0.288
421 0.273
422 0.2655
423 0.2579
424 0.2428
425 0.2298
426 0.2186
427 0.2171
428 0.2167
429 0.2192
430 0.222
431 0.2281
432 0.2311
433 0.234
434 0.2368
435 0.2424
436 0.2451
437 0.2477
438 0.2528
439 0.2552
440 0.2599
441 0.2621
442 0.2664
443 0.2684
444 0.2703
445 0.2722
446 0.2757
447 0.2773
448 0.2803
449 0.2829
450 0.2841
451 0.2863
452 0.2872
453 0.2887
454 0.2894
455 0.2904
456 0.2911
457 0.2913
458 0.2914
459 0.2913
460 0.2909
461 0.2905
462 0.2896
463 0.289
464 0.2875
465 0.2856
466 0.2846
467 0.2835
468 0.2823
469 0.2796
470 0.2782
471 0.2767
472 0.2735
473 0.2699
474 0.2681
475 0.2642
476 0.2621
477 0.26
478 0.2578
479 0.2533
480 0.251
481 0.2462
482 0.2437
483 0.2412
484 0.2386
485 0.2333
486 0.2306
487 0.2251
488 0.2223
489 0.217
490 0.2163
491 0.2184
492 0.2232
493 0.2274
494 0.2394
495 0.2468
496 0.2621
497 0.2697
498 0.2771
499 0.2915
500 0.3054
501 0.3121
502 0.3251
503 0.3374
504 0.3433
505 0.349
506 0.3597
507 0.3648
508 0.3745
509 0.3834
510 0.3875
511 0.3951
512 0.3985
513 0.4048
514 0.4076
515 0.4125
516 0.4147
517 0.4166
518 0.4197
519 0.4219
520 0.4227
521 0.4236
522 0.4237
523 0.4232
524 0.4226
525 0.4208
526 0.4181
527 0.4145
528 0.4101
529 0.4076
530 0.4049
531 0.402
532 0.3957
533 0.3922
534 0.3885
535 0.3807
536 0.3722
537 0.363
538 0.3582
539 0.3481
540 0.3429
541 0.3375
542 0.3265
543 0.3209
544 0.3151
545 0.3092
546 0.2971
547 0.2586
548 0.2381
549 0.2311
550 0.2246
551 0.2169
552 0.2207
553 0.2261
554 0.2334
555 0.2442
556 0.2692
557 0.2939
558 0.3061
559 0.3298
560 0.3413
561 0.3637
562 0.385
563 0.3954
564 0.4054
565 0.4245
566 0.4336
567 0.4424
568 0.4509
569 0.467
570 0.4746
571 0.4889
572 0.5017
573 0.5076
574 0.5132
575 0.523
576 0.5351
577 0.5384
578 0.5437
579 0.5458
580 0.5475
581 0.5497
582 0.5502
583 0.5504
584 0.5501
585 0.5486
586 0.5472
587 0.5455
588 0.5434
589 0.5381
590 0.5275
591 0.5232
592 0.5186
593 0.5086
594 0.5031
595 0.4973
596 0.4848
597 0.4781
598 0.4712
599 0.4565
600 0.4488
601 0.4409
602 0.425
603 0.4124
604 0.4079
605 0.4036
606 0.399
607 0.3978
608 0.3965
609 0.3931
610 0.3889
611 0.3865
612 0.381
613 0.378
614 0.3714
615 0.3678
616 0.3601
617 0.3516
618 0.3472
619 0.3426
620 0.333
621 0.3228
622 0.3175
623 0.312
624 0.3009
625 0.2834
626 0.2773
627 0.265
628 0.2588
629 0.2462
630 0.2399
631 0.227
632 0.2205
633 0.214
634 0.2011
635 0.1946
636 0.1817
637 0.1753
638 0.1625
639 0.1561
640 0.1498
641 0.1375
642 0.1315
643 0.1195
644 0.1137
645 0.108
646 0.0942
647 0.1023
648 -0.1317
649 0.1216
650 0.1273
651 0.1414
652 0.1709
653 0.1852
654 0.1994
655 0.2272
656 0.2408
657 0.2543
658 0.2804
659 0.2931
660 0.3057
661 0.3179
662 0.3416
663 0.3531
664 0.3644
665 0.3859
666 0.4061
667 0.4158
668 0.4251
669 0.4426
670 0.4508
671 0.4586
672 0.4731
673 0.4798
674 0.492
675 0.4975
676 0.5073
677 0.5116
678 0.5155
679 0.522
680 0.5246
681 0.5286
682 0.53
683 0.5307
684 0.5296
685 0.5262
686 0.5238
687 0.518
688 0.5145
689 0.5064
690 0.5018
691 0.4914
692 0.4858
693 0.4734
694 0.4597
695 0.4525
696 0.4449
697 0.4291
698 0.4208
699 0.4034
700 0.3943
701 0.3756
702 0.3659
703 0.3561
704 0.336
705 0.3258
706 0.3153
707 0.2943
708 0.2837
709 0.2621
710 0.2513
711 0.242
712 0.2386
713 0.2539
714 0.2388
715 0.2503
716 0.2685
717 0.2867
718 0.3228
719 0.3405
720 0.358
721 0.3919
722 0.4084
723 0.4404
724 0.4558
725 0.4709
726 0.4995
727 0.5132
728 0.5392
729 0.5515
730 0.5746
731 0.5853
732 0.6053
733 0.6145
734 0.6231
735 0.6384
736 0.6452
737 0.6571
738 0.6621
739 0.6665
740 0.6735
741 0.676
742 0.678
743 0.6793
744 0.6802
745 0.6797
746 0.6769
747 0.6746
748 0.6683
749 0.6652
750 0.6646
751 0.667
752 0.6788
753 0.6978
754 0.7066
755 0.7221
756 0.7288
757 0.7401
758 0.7447
759 0.7518
760 0.7542
761 0.756
762 0.7574
763 0.7541
764 0.7516
765 0.7444
766 0.7398
767 0.7346
768 0.7221
769 0.7149
770 0.7071
771 0.6987
772 0.68
773 0.6698
774 0.6475
775 0.6356
776 0.6102
777 0.5829
778 0.5686
779 0.5388
780 0.5234
781 0.5076
782 0.4776
783 0.4787
784 0.4868
785 0.487
786 0.4983
787 0.5126
788 0.5285
789 0.5594
790 0.5741
791 0.5883
792 0.6147
793 0.627
794 0.6388
795 0.6603
796 0.6701
797 0.6792
798 0.6953
799 0.7024
800 0.7145
801 0.7195
802 0.7238
803 0.7274
804 0.7324
805 0.7339
806 0.7348
807 0.7342
808 0.7329
809 0.7282
810 0.7207
811 0.716
812 0.7045
813 0.6978
814 0.6905
815 0.674
816 0.6649
817 0.6552
818 0.6342
819 0.6229
820 0.5987
821 0.5858
822 0.5725
823 0.5588
824 0.5446
825 0.5151
826 0.4996
827 0.4838
828 0.4515
829 0.4348
830 0.4007
831 0.3833
832 0.3657
833 0.348
834 0.2938
835 0.2755
836 0.2384
837 0.22
838 0.1831
839 0.1648
840 0.1283
841 0.1103
842 0.0923
843 0.0747
844 0.0409
845 0.0409
846 0.1406
847 0.0853
848 0.0083
849 0.0368
850 0.052
851 0.068
852 0.0997
853 0.1155
854 0.1473
855 0.163
856 0.1787
857 0.2096
858 0.2248
859 0.24
860 0.2695
861 0.2839
862 0.2982
863 0.3258
864 0.3392
865 0.3653
866 0.3779
867 0.3901
868 0.4019
869 0.4246
870 0.4354
871 0.4559
872 0.4827
873 0.4827
874 0.5442
875 0.5874
876 0.636
877 0.7321
878 0.7789
879 0.8247
880 0.8692
881 0.955
882 0.9963
883 1.0752
884 1.1125
885 1.1485
886 1.2154
887 1.2465
888 1.3042
889 1.3306
890 1.3553
891 1.3782
892 1.3994
893 1.4368
894 1.453
895 1.4675
896 1.4801
897 1.5
898 1.5074
899 1.5129
900 1.5186
901 1.5187
902 1.517
903 1.5083
904 1.4927
905 1.4822
906 1.4701
907 1.441
908 1.4247
909 1.4132
910 1.4085
911 1.4266
912 1.4509
913 1.5007
914 1.523
915 1.5436
916 1.5786
917 1.5931
918 1.6058
919 1.6164
920 1.6318
921 1.6367
922 1.6405
923 1.6395
924 1.6365
925 1.6316
926 1.6161
927 1.6056
928 1.5932
929 1.5789
930 1.5451
931 1.5255
932 1.4811
933 1.4564
934 1.4301
935 1.3813
936 1.3549
937 1.3549
938 1.3502
939 1.3503
940 1.3457
941 1.3352
942 1.3276
943 1.3079
944 1.2959
945 1.2676
946 1.2514
947 1.2338
948 1.195
949 1.1737
950 1.1511
951 1.1028
952 1.077
953 1.05
954 1.0222
955 0.9635
956 0.9327
957 0.9009
958 0.8354
959 0.7669
960 0.7315
961 0.6957
962 0.6229
963 0.5859
964 0.5484
965 0.5107
966 0.4345
967 0.3959
968 0.3181
969 0.2792
970 0.2403
971 0.2016
972 0.1245
973 0.0861
974 0.049
975 0.0447
976 0.0818
977 0.1204
978 0.1591
979 0.1978
980 0.2363
981 0.3127
982 0.388
983 0.4253
984 0.4977
985 0.5328
986 0.5674
987 0.6339
988 0.666
989 0.6974
990 0.7278
991 0.7573
992 0.8137
993 0.8406
994 0.8666
995 0.9148
996 0.9587
997 0.979
998 0.998
999 1.0157
1000 1.0475
1001 1.0615
1002 1.075
1003 1.1493
1004 1.1879
1005 1.2258
1006 1.2962
1007 1.3288
1008 1.3597
1009 1.3886
1010 1.4409
1011 1.4644
1012 1.486
1013 1.5055
1014 1.539
1015 1.5528
1016 1.5647
1017 1.5823
1018 1.5881
1019 1.592
1020 1.5936
1021 1.5914
1022 1.5873
1023 1.5812
1024 1.5732
1025 1.5669
1026 1.6143
1027 1.5973
1028 1.6696
1029 1.7124
1030 1.754
1031 1.8296
1032 1.8638
1033 1.8956
1034 1.9509
1035 1.9746
1036 1.9958
1037 2.0143
1038 2.0434
1039 2.054
1040 2.0621
1041 2.0674
1042 2.0702
1043 2.0677
1044 2.0626
1045 2.055
1046 2.0447
1047 2.0167
1048 1.8399
1049 1.7271
1050 1.6848
1051 1.5972
1052 1.5515
1053 1.5041
1054 1.4554
1055 1.3532
1056 1.2999
1057 1.2452
1058 1.133
1059 1.0752
1060 0.957
1061 0.9041
1062 0.8306
1063 0.8014
1064 0.7875
1065 0.7802
1066 0.7759
1067 0.7709
1068 0.7588
1069 0.7516
1070 0.7437
1071 0.726
1072 0.7161
1073 0.6943
1074 0.6825
1075 0.6701
1076 0.6435
1077 0.6294
1078 0.6148
1079 0.5841
1080 0.568
1081 0.5514
1082 0.5345
1083 0.4994
1084 0.4626
1085 0.4437
1086 0.4245
1087 0.3857
1088 0.366
1089 0.3258
1090 0.3056
1091 0.2647
1092 0.2443
1093 0.2237
1094 0.1868
1095 0.1818
1096 0.1734
1097 0.1792
1098 0.1851
1099 0.1969
1100 0.2029
1101 0.2147
1102 0.2204
1103 0.2262
1104 0.2372
1105 0.2427
1106 0.248
1107 0.2532
1108 0.2632
1109 0.268
1110 0.2727
1111 0.2817
1112 0.2859
1113 0.2939
1114 0.2977
1115 0.3046
1116 0.325
1117 0.3531
1118 0.4156
1119 0.5003
1120 0.5426
1121 0.5842
1122 0.6644
1123 0.7412
1124 0.7784
1125 0.8491
1126 0.8824
1127 0.9458
1128 0.9756
1129 1.0041
1130 1.0565
1131 1.0806
1132 1.1246
1133 1.1443
1134 1.1626
1135 1.1941
1136 1.2075
1137 1.2297
1138 1.2383
1139 1.2454
1140 1.2547
1141 1.2569
1142 1.2576
1143 1.2567
1144 1.2502
1145 1.2446
1146 1.2288
1147 1.2187
1148 1.1941
1149 1.1796
1150 1.1637
1151 1.128
1152 1.1082
1153 1.0871
1154 1.0415
1155 1.0169
1156 0.9643
1157 0.9364
1158 0.8785
1159 0.8294
1160 0.8143
1161 0.7892
1162 0.7844
1163 0.7788
1164 0.7724
1165 0.7575
1166 0.7488
1167 0.7293
1168 0.7184
1169 0.7069
1170 0.6819
1171 0.6684
1172 0.6395
1173 0.6242
1174 0.6083
1175 0.592
1176 0.5751
1177 0.5397
1178 0.5024
1179 0.4633
1180 0.4433
1181 0.423
1182 0.4025
1183 0.3607
1184 0.3394
1185 0.318
1186 0.275
1187 0.2533
1188 0.2098
1189 0.1882
1190 0.1448
1191 0.1274
1192 0.1352
1193 0.1269
1194 0.108
1195 0.1119
1196 0.1226
1197 0.1282
1198 0.1396
1199 0.1453
1200 0.151
1201 0.1625
1202 0.1683
1203 0.174
1204 0.1797
1205 0.1911
1206 0.1967
1207 0.2079
1208 0.2134
1209 0.2242
1210 0.2295
1211 0.2347
1212 0.2398
1213 0.2496
1214 0.2544
1215 0.2636
1216 0.268
1217 0.2764
1218 0.2803
1219 0.2841
1220 0.2912
1221 0.2944
1222 0.2975
1223 0.3004
1224 0.3056
1225 0.308
1226 0.3121
1227 0.3138
1228 0.3154
1229 0.3167
1230 0.3187
1231 0.32
1232 0.3203
1233 0.3204
1234 0.3199
1235 0.3194
1236 0.3186
1237 0.3177
1238 0.3165
1239 0.3136
1240 0.3118
1241 0.3099
1242 0.3078
1243 0.3112
1244 0.326
1245 0.3413
1246 0.3481
1247 0.3607
1248 0.376
1249 0.3929
1250 0.4275
1251 0.4442
1252 0.4605
1253 0.4763
1254 0.4916
1255 0.5207
1256 0.5345
1257 0.5479
1258 0.5605
1259 0.5841
1260 0.595
1261 0.6053
1262 0.6149
1263 0.6322
1264 0.6398
1265 0.6468
1266 0.6585
1267 0.6633
1268 0.6674
1269 0.6708
1270 0.6734
1271 0.6765
1272 0.6767
1273 0.674
1274 0.6716
1275 0.6684
1276 0.6646
1277 0.66
1278 0.6489
1279 0.6423
1280 0.635
1281 0.6271
1282 0.6094
1283 0.5996
1284 0.5892
1285 0.5669
1286 0.5549
1287 0.5423
1288 0.5293
1289 0.5159
1290 0.4875
1291 0.4727
1292 0.4574
1293 0.4418
1294 0.4096
1295 0.3929
1296 0.376
1297 0.3589
1298 0.324
1299 0.3062
1300 0.2882
1301 0.2701
1302 0.2338
1303 0.2154
1304 0.197
1305 0.1606
1306 0.1424
1307 0.1243
1308 0.1065
1309 0.0711
1310 0.0537
1311 0.0193
1312 -0.0138
1313 -0.0299
1314 -0.0456
1315 -0.0608
1316 -0.0757
1317 -0.1042
1318 -0.1179
1319 -0.1311
1320 -0.1438
1321 -0.1674
1322 -0.1762
1323 -0.2154
1324 -0.5129
1325 0.7358
1326 0.6381
1327 0.4607
1328 0.3824
1329 0.2496
1330 0.1985
1331 0.1495
1332 0.1592
1333 0.1856
1334 0.2211
1335 0.2606
1336 0.3438
1337 0.386
1338 0.4283
1339 0.5114
1340 0.5525
1341 0.5932
1342 0.6722
1343 0.7107
1344 0.7486
1345 0.7855
1346 0.8216
1347 0.8911
1348 0.9569
1349 0.9883
1350 1.0184
1351 1.0742
1352 1.1001
1353 1.1481
1354 1.1698
1355 1.209
1356 1.2418
1357 1.2559
1358 1.2682
1359 1.2878
1360 1.3007
1361 1.3048
1362 1.3071
1363 1.3077
1364 1.3041
1365 1.2998
1366 1.2864
1367 1.2666
1368 1.2543
1369 1.2404
1370 1.2085
1371 1.1903
1372 1.1496
1373 1.1272
1374 1.1035
1375 1.0527
1376 0.9969
1377 0.9365
1378 0.9047
1379 0.8721
1380 0.8388
1381 0.7695
1382 0.6969
1383 0.6594
1384 0.6215
1385 0.5833
1386 0.5053
1387 0.4656
1388 0.4256
1389 0.3855
1390 0.3046
1391 0.2639
1392 0.1823
1393 0.1417
1394 0.0608
1395 -0.0186
1396 -0.0577
1397 -0.1339
1398 -0.1708
1399 -0.2072
1400 -0.2772
1401 -0.311
1402 -0.344
1403 -0.4067
1404 -0.4366
1405 -0.4655
1406 -0.5195
1407 -0.5448
1408 -0.5689
1409 -0.6132
1410 -0.6333
1411 -0.6523
1412 -0.6859
1413 -0.714
1414 -0.726
1415 -0.7366
1416 -0.7533
1417 -0.7642
1418 -0.7675
1419 -0.7698
1420 -0.7687
1421 -0.7662
1422 -0.757
1423 -0.7423
1424 -0.7329
1425 -0.7222
1426 -0.7102
1427 -0.6823
1428 -0.6665
1429 -0.6495
1430 -0.6314
1431 -0.5917
1432 -0.5702
1433 -0.5239
1434 -0.4994
1435 -0.4738
1436 -0.4205
1437 -0.3927
1438 -0.3346
1439 -0.3046
1440 -0.274
1441 -0.2429
1442 -0.1791
1443 -0.1465
1444 -0.0799
1445 -0.0462
1446 -0.0123
1447 0.0556
1448 0.1238
1449 0.158
1450 0.2258
1451 0.2591
1452 0.3253
1453 0.3898
1454 0.4214
1455 0.4524
1456 0.4827
1457 0.5416
1458 0.5982
1459 0.6256
1460 0.652
1461 0.702
1462 0.7257
1463 0.7705
1464 0.7914
1465 0.8113
1466 0.8478
1467 0.8644
1468 0.8944
1469 0.9077
1470 0.9198
1471 0.9404
1472 0.9489
1473 0.9563
1474 0.9672
1475 0.9708
1476 0.9733
1477 0.9745
1478 0.9733
1479 0.9673
1480 0.9626
1481 0.9566
1482 0.9414
1483 0.9321
1484 0.9101
1485 0.8975
1486 0.8692
1487 0.8536
1488 0.8193
1489 0.8009
1490 0.7612
1491 0.7402
1492 0.6957
1493 0.6725
1494 0.6238
1495 0.5986
1496 0.5463
1497 0.5195
1498 0.4923
1499 0.437
1500 0.4088
1501 0.3517
1502 0.3229
1503 0.2647
1504 0.2356
1505 0.2065
1506 0.1488
1507 0.1201
1508 0.0631
1509 0.0351
1510 0.0073
1511 -0.02
1512 -0.0736
1513 -0.0998
1514 -0.1256
1515 -0.1752
1516 -0.1991
1517 -0.2451
1518 -0.267
1519 -0.3088
1520 -0.3285
1521 -0.3655
1522 -0.3826
1523 -0.4144
1524 -0.4422
1525 -0.4673
1526 -0.4803
1527 -0.4949
1528 -0.5123
1529 -0.561
1530 -0.595
1531 -0.6368
1532 -0.687
1533 -0.8145
1534 -0.8922
1535 -0.7578
1536 -0.4964
1537 -0.4629
1538 -0.425
1539 -0.4067
1540 -0.3678
1541 -0.3473
1542 -0.326
1543 -0.2817
1544 -0.2587
1545 -0.2107
1546 -0.1609
1547 -0.1353
1548 -0.0834
1549 -0.0571
1550 -0.0037
1551 0.0233
1552 0.0504
1553 0.1044
1554 0.1314
1555 0.1585
1556 0.2382
1557 0.2904
1558 0.3162
1559 0.366
1560 0.39
1561 0.4136
1562 0.459
1563 0.5023
1564 0.5231
1565 0.5432
1566 0.5811
1567 0.6162
1568 0.6327
1569 0.6484
1570 0.677
1571 0.6901
1572 0.7138
1573 0.7243
1574 0.7427
1575 0.7507
1576 0.7586
1577 0.7664
1578 0.7813
1579 0.785
1580 0.7877
1581 0.7902
1582 0.7901
1583 0.7891
1584 0.7845
1585 0.7808
1586 0.7704
1587 0.7637
1588 0.7478
1589 0.7387
1590 0.7179
1591 0.6942
1592 0.6675
1593 0.6531
1594 0.6249
1595 0.6139
1596 0.6074
1597 0.6084
1598 0.5925
1599 0.5978
1600 0.6059
1601 0.6205
1602 0.6269
1603 0.6377
1604 0.642
1605 0.6457
1606 0.6507
1607 0.6522
1608 0.653
1609 0.6523
1610 0.649
1611 0.6463
1612 0.6389
1613 0.6342
1614 0.6289
1615 0.6229
1616 0.6091
1617 0.6013
1618 0.5838
1619 0.5742
1620 0.5533
1621 0.5421
1622 0.5181
1623 0.5054
1624 0.4786
1625 0.4645
1626 0.42
1627 0.4045
1628 0.3886
1629 0.3565
1630 0.3237
1631 0.3069
1632 0.2901
1633 0.2654
1634 0.2616
1635 0.2839
1636 0.2989
1637 0.3284
1638 0.3429
1639 0.371
1640 0.3846
1641 0.3978
1642 0.423
1643 0.4349
1644 0.4465
1645 0.4682
1646 0.4784
1647 0.4974
1648 0.5061
1649 0.5143
1650 0.5289
1651 0.5354
1652 0.5414
1653 0.5515
1654 0.5557
1655 0.5594
1656 0.5648
1657 0.5667
1658 0.5685
1659 0.5686
1660 0.568
1661 0.5629
1662 0.5565
1663 0.5524
1664 0.5478
1665 0.537
1666 0.5308
1667 0.5168
1668 0.5091
1669 0.5009
1670 0.4922
1671 0.4776
1672 0.481
1673 0.4887
1674 0.5321
1675 0.5604
1676 0.6155
1677 0.6677
1678 0.6926
1679 0.7165
1680 0.7611
1681 0.8019
1682 0.8208
1683 0.8386
1684 0.8705
1685 0.8848
1686 0.8979
1687 0.9204
1688 0.9298
1689 0.9484
1690 1.0065
1691 1.0821
1692 1.1507
1693 1.2184
1694 1.3481
1695 1.4101
1696 1.5282
1697 1.6362
1698 1.7347
1699 1.7799
1700 1.8222
1701 1.8978
1702 1.9314
1703 1.9622
1704 2.0146
1705 2.0553
1706 2.0844
1707 2.1011
1708 2.1047
1709 2.1028
1710 2.0973
1711 2.0775
1712 2.0633
1713 1.9902
1714 2.0701
1715 2.1484
1716 2.1961
1717 2.2405
1718 2.3188
1719 2.3528
1720 2.3835
1721 2.4105
1722 2.4541
1723 2.4707
1724 2.4935
1725 2.5019
1726 2.5007
1727 2.496
1728 2.4764
1729 2.4615
1730 2.4662
1731 2.3664
1732 2.5567
1733 2.614
1734 2.7621
1735 2.8313
1736 2.8967
1737 2.9575
1738 3.0666
1739 3.1148
1740 3.1979
1741 3.2323
1742 3.2622
1743 3.307
1744 3.3223
1745 3.3329
1746 3.3395
1747 3.3356
1748 3.3141
1749 3.274
1750 3.2471
1751 3.2158
1752 3.1406
1753 3.0967
1754 3.0487
1755 2.9677
1756 2.9072
1757 2.902
1758 2.9036
1759 2.8915
1760 2.8822
1761 2.8509
1762 2.803
1763 2.7389
1764 2.6595
1765 2.6144
1766 2.5141
1767 2.4592
1768 2.3397
1769 2.2089
1770 2.1392
1771 1.993
1772 1.9232
1773 1.8671
1774 1.7852
1775 1.7622
1776 1.718
1777 1.6931
1778 1.6371
1779 1.6061
1780 1.5732
1781 1.5022
1782 1.464
1783 1.3823
1784 1.3392
1785 1.2482
1786 1.2008
1787 1.1018
1788 1.0507
1789 0.9451
1790 0.8911
1791 0.7804
1792 0.6675
1793 0.6103
1794 0.553
1795 0.4386
1796 0.3311
1797 0.2979
1798 0.2872
1799 0.2976
1800 0.308
1801 0.3288
1802 0.339
1803 0.349
1804 0.3682
1805 0.3864
1806 0.3951
1807 0.4114
1808 0.4263
1809 0.4332
1810 0.4458
1811 0.4515
1812 0.4567
1813 0.466
1814 0.47
1815 0.4767
1816 0.4794
1817 0.4834
1818 0.4847
1819 0.4856
1820 0.4861
1821 0.4879
1822 0.5001
1823 0.5099
1824 0.5198
1825 0.5291
1826 0.5675
1827 0.5735
1828 0.5837
1829 0.5878
1830 0.5939
1831 0.5961
1832 0.5984
1833 0.5986
1834 0.5972
1835 0.5955
1836 0.5932
1837 0.5903
1838 0.5826
1839 0.5779
1840 0.5666
1841 0.5531
1842 0.5455
1843 0.5288
1844 0.5584
1845 0.5878
1846 0.5874
1847 0.63
1848 0.6556
1849 0.6814
1850 0.7303
1851 0.7535
1852 0.7757
1853 0.7968
1854 0.8361
1855 0.8542
1856 0.8713
1857 0.9019
1858 0.9155
1859 0.928
1860 0.9392
1861 0.9581
1862 0.9659
1863 0.9778
1864 0.9818
1865 0.9847
1866 0.9867
1867 0.9859
1868 0.9838
1869 0.9761
1870 0.9705
1871 0.9637
1872 0.9466
1873 0.925
1874 0.9125
1875 0.899
1876 0.8845
1877 0.8524
1878 0.8349
1879 0.8164
1880 0.797
1881 0.7557
1882 0.7337
1883 0.711
1884 0.6635
1885 0.6388
1886 0.6134
1887 0.5875
1888 0.5611
1889 0.5067
1890 0.4787
1891 0.4503
1892 0.4217
1893 0.3636
1894 0.3341
1895 0.3044
1896 0.2747
1897 0.2149
1898 0.185
1899 0.155
1900 0.1253
1901 0.0662
1902 0.0368
1903 -0.0212
1904 -0.0497
1905 -0.1055
1906 -0.1326
1907 -0.1855
1908 -0.2109
1909 -0.2358
1910 -0.2599
1911 -0.2833
1912 -0.328
1913 -0.3492
1914 -0.3696
1915 -0.3891
1916 -0.4255
1917 -0.4424
1918 -0.4583
1919 -0.4732
1920 -0.5
1921 -0.512
1922 -0.5229
1923 -0.5327
1924 -0.549
1925 -0.5554
1926 -0.5611
1927 -0.5666
1928 -0.5711
1929 -0.5677
1930 -0.565
1931 -0.5615
1932 -0.551
1933 -0.5441
1934 -0.5361
1935 -0.5272
1936 -0.5062
1937 -0.4942
1938 -0.4813
1939 -0.4674
1940 -0.437
1941 -0.4204
1942 -0.3846
1943 -0.3655
1944 -0.3456
1945 -0.304
1946 -0.2598
1947 -0.2367
1948 -0.189
1949 -0.189
1950 -0.1645
1951 -0.1146
1952 -0.0889
1953 -0.0629
1954 -0.0367
1955 0.0164
1956 0.0433
1957 0.0704
1958 0.0974
1959 0.1518
1960 0.179
1961 0.2062
1962 0.2331
1963 0.2866
1964 0.3131
1965 0.3394
1966 0.3653
1967 0.4161
1968 0.441
1969 0.4654
1970 0.4893
1971 0.5355
1972 0.5579
1973 0.5796
1974 0.6006
1975 0.6405
1976 0.6594
1977 0.6775
1978 0.6948
1979 0.7268
1980 0.7415
1981 0.7684
1982 0.7803
1983 0.7913
1984 0.8102
1985 0.8182
1986 0.8312
1987 0.8361
1988 0.8401
1989 0.843
1990 0.8446
1991 0.8433
1992 0.8451
1993 0.8125
1994 0.7283
1995 0.6775
1996 0.6258
1997 0.574
1998 0.4689
1999 0.4157
2000 0.3623
2001 0.3091
2002 0.2024
2003 0.149
2004 0.0957
2005 0.043
2006 -0.0094
2007 -0.1131
2008 -0.1644
2009 -0.2151
2010 -0.3134
2011 -0.3612
2012 -0.4082
2013 -0.4539
2014 -0.5423
2015 -0.5883
2016 -0.649
2017 -0.735
2018 -0.9426
2019 -1.0443
2020 -1.2421
2021 -1.337
2022 -1.4295
2023 -1.5186
2024 -1.605
2025 -1.6885
2026 -1.8468
2027 -1.9213
2028 -1.9848
2029 -2.1169
2030 -2.1896
2031 -2.2508
2032 -2.3078
2033 -2.361
2034 -2.4556
2035 -2.4969
2036 -2.5342
2037 -2.567
2038 -2.6201
2039 -2.6404
2040 -2.6564
2041 -2.668
2042 -2.6784
2043 -2.6773
2044 -2.6719
2045 -2.6623
2046 -2.6486
2047 -2.4979
2048 -2.6782
2049 -2.7862
2050 -2.8496
2051 -2.9074
2052 -2.9601
2053 -3.0511
2054 -3.0893
2055 -3.1225
2056 -3.1503
2057 -3.1943
2058 -3.2205
2059 -3.2254
2060 -3.2198
2061 -3.2089
2062 -3.1927
2063 -3.1713
2064 -3.1136
2065 -3.0799
2066 -3.0697
2067 -3.0437
2068 -3.0645
2069 -3.0898
2070 -3.1618
2071 -3.219
2072 -3.2402
2073 -3.2561
2074 -3.2667
2075 -3.2722
2076 -3.2679
2077 -3.2581
2078 -3.2433
2079 -3.1988
2080 -3.1691
2081 -3.1347
2082 -3.0522
2083 -3.0041
2084 -2.9514
2085 -2.834
2086 -2.7007
2087 -2.656
2088 -2.5995
2089 -2.5637
2090 -2.5426
2091 -2.5466
2092 -2.5487
2093 -2.5442
2094 -2.5234
2095 -2.5072
2096 -2.4871
2097 -2.4359
2098 -2.4047
2099 -2.3316
2100 -2.2898
2101 -2.196
2102 -2.1444
2103 -2.0895
2104 -1.9715
2105 -1.9082
2106 -1.7731
2107 -1.7019
2108 -1.6281
2109 -1.5525
2110 -1.3945
2111 -1.2282
2112 -1.148
2113 -1.0157
2114 -0.9168
2115 -0.8669
2116 -0.765
2117 -0.7129
2118 -0.6055
2119 -0.5507
2120 -0.4387
2121 -0.382
2122 -0.3246
2123 -0.2097
2124 -0.0936
2125 -0.0352
2126 0.0809
2127 0.2516
2128 0.3636
2129 0.4725
2130 0.5156
2131 0.5423
2132 0.5707
2133 0.5829
2134 0.5942
2135 0.6143
2136 0.6311
2137 0.6383
2138 0.6446
2139 0.6546
2140 0.6584
2141 0.6634
2142 0.6646
2143 0.6647
2144 0.6615
2145 0.6587
2146 0.6551
2147 0.6456
2148 0.6398
2149 0.6332
2150 0.612
2151 0.5843
2152 0.5309
2153 0.5028
2154 0.4452
2155 0.4159
2156 0.3863
2157 0.3269
2158 0.2969
2159 0.2365
2160 0.2063
2161 0.1459
2162 0.1159
2163 0.086
2164 0.0274
2165 -0.0014
2166 -0.03
2167 -0.0855
2168 -0.1125
2169 -0.1391
2170 -0.1649
2171 -0.215
2172 -0.2627
2173 -0.2856
2174 -0.3287
2175 -0.3489
2176 -0.3683
2177 -0.404
2178 -0.4204
2179 -0.4506
2180 -0.4641
2181 -0.4767
2182 -0.4985
2183 -0.5078
2184 -0.5233
2185 -0.5293
2186 -0.5383
2187 -0.5411
2188 -0.5429
2189 -0.5433
2190 -0.5425
2191 -0.5411
2192 -0.5363
2193 -0.533
2194 -0.5234
2195 -0.5171
2196 -0.4919
2197 -0.4815
2198 -0.4701
2199 -0.4448
2200 -0.4308
2201 -0.4159
2202 -0.4003
2203 -0.3665
2204 -0.3485
2205 -0.31
2206 -0.2899
2207 -0.2474
2208 -0.2254
2209 -0.2028
2210 -0.1564
2211 -0.1082
2212 -0.0835
2213 -0.0586
2214 -0.0082
2215 0.0172
2216 0.0429
2217 0.0941
2218 0.1198
2219 0.1455
2220 0.1964
2221 0.2469
2222 0.272
2223 0.2967
2224 0.3449
2225 0.3685
2226 0.4153
2227 0.4885
2228 0.5106
2229 0.5391
2230 0.5722
2231 0.6795
2232 0.7146
2233 0.7488
2234 0.8127
2235 0.8429
2236 0.8719
2237 0.9257
2238 0.9506
2239 0.9967
2240 1.0176
2241 1.0553
2242 1.0719
2243 1.0871
2244 1.1007
2245 1.1237
2246 1.1329
2247 1.147
2248 1.1517
2249 1.1567
2250 1.1569
2251 1.1556
2252 1.1485
2253 1.1428
2254 1.1356
2255 1.1269
2256 1.1054
2257 1.0926
2258 1.0783
2259 1.0628
2260 1.028
2261 1.0086
2262 0.9881
2263 0.9664
2264 0.9199
2265 0.869
2266 0.842
2267 0.8142
2268 0.7565
2269 0.7265
2270 0.6642
2271 0.6323
2272 0.5996
2273 0.5667
2274 0.5332
2275 0.4648
2276 0.4301
2277 0.3949
2278 0.3246
2279 0.2892
2280 0.2537
2281 0.2185
2282 0.1479
2283 0.1127
2284 0.0427
2285 0.0082
2286 -0.026
2287 -0.0927
2288 -0.1252
2289 -0.1573
2290 -0.2173
2291 -0.2507
2292 -0.295
2293 -0.2738
2294 -0.2392
2295 -0.2152
2296 -0.1907
2297 -0.1658
2298 -0.1404
2299 -0.0885
2300 -0.062
2301 -0.0351
2302 -0.0081
2303 0.0466
2304 0.0742
2305 0.102
2306 0.1572
2307 0.1848
2308 0.2123
2309 0.2396
2310 0.2667
2311 0.3205
2312 0.3471
2313 0.3734
2314 0.4245
2315 0.4494
2316 0.4739
2317 0.4977
2318 0.5438
2319 0.566
2320 0.5877
2321 0.6085
2322 0.654
2323 0.7445
2324 0.8072
2325 0.8782
2326 1.0298
2327 1.1038
2328 1.1763
2329 1.3144
2330 1.3803
2331 1.4443
2332 1.5057
2333 1.6219
2334 1.6766
2335 1.7289
2336 1.8247
2337 1.8685
2338 1.9097
2339 1.9827
2340 2.0147
2341 2.044
2342 2.0928
2343 2.1126
2344 2.1294
2345 2.1535
2346 2.1651
2347 2.1664
2348 2.1646
2349 2.1516
2350 2.1407
2351 2.1267
2352 2.0902
2353 2.0676
2354 2.0422
2355 1.9836
2356 1.9503
2357 1.9144
2358 1.8761
2359 1.7923
2360 1.6993
2361 1.67
2362 1.6718
2363 1.7022
2364 1.7135
2365 1.7625
2366 1.8938
2367 1.9797
2368 2.0642
2369 2.1452
2370 2.2977
2371 2.369
2372 2.437
2373 2.5007
2374 2.6174
2375 2.6701
2376 2.7191
2377 2.7638
2378 2.8412
2379 2.9025
2380 2.9271
2381 2.9741
2382 2.9808
2383 2.9833
2384 2.9813
2385 2.9647
2386 2.9314
2387 2.9086
2388 2.8817
2389 2.8511
2390 2.8165
2391 2.7781
2392 2.6902
2393 2.6408
2394 2.5312
2395 2.4716
2396 2.3451
2397 2.2785
2398 2.2088
2399 2.0617
2400 1.9843
2401 1.9043
2402 1.8224
2403 1.7383
2404 1.5639
2405 1.4738
2406 1.3819
2407 1.2891
2408 1.0994
2409 1.0026
2410 0.8186
2411 0.7555
2412 0.7152
2413 0.6782
2414 0.6851
2415 0.7014
2416 0.8002
2417 0.8619
2418 0.9226
2419 1.0391
2420 1.0951
2421 1.1495
2422 1.2019
2423 1.3014
2424 1.3485
2425 1.3939
2426 1.4775
2427 1.5161
2428 1.5526
2429 1.5866
2430 1.6185
2431 1.6754
2432 1.7005
2433 1.7233
2434 1.7435
2435 1.7613
2436 1.7898
2437 1.8004
2438 1.8086
2439 1.8173
2440 1.818
2441 1.8119
2442 1.8052
2443 1.796
2444 1.7707
2445 1.7544
2446 1.715
2447 1.692
2448 1.6668
2449 1.6395
2450 1.5786
2451 1.5451
2452 1.5097
2453 1.4725
2454 1.3927
2455 1.3059
2456 1.2599
2457 1.2127
2458 1.1148
2459 1.064
2460 1.012
2461 0.9129
2462 0.8727
2463 0.8463
2464 0.8193
2465 0.8193
2466 0.8419
2467 0.8529
2468 0.8628
2469 0.8794
2470 0.8861
2471 0.8917
2472 0.8962
2473 0.8996
2474 0.9033
2475 0.9035
2476 0.9007
2477 0.8978
2478 0.8886
2479 0.8825
2480 0.8754
2481 0.8581
2482 0.848
2483 0.8369
2484 0.8121
2485 0.7984
2486 0.7837
2487 0.752
2488 0.735
2489 0.6985
2490 0.6792
2491 0.6592
2492 0.6403
2493 0.6514
2494 0.7051
2495 0.7463
2496 0.8359
2497 0.8791
2498 0.9623
2499 1.0017
2500 1.0399
2501 1.0763
2502 1.1766
2503 1.207
2504 1.2359
2505 1.287
2506 1.3098
2507 1.3307
2508 1.3497
2509 1.3821
2510 1.3955
2511 1.4071
2512 1.4167
2513 1.4302
2514 1.4341
2515 1.436
2516 1.4361
2517 1.4305
2518 1.4249
2519 1.4174
2520 1.4081
2521 1.3841
2522 1.3693
2523 1.3528
2524 1.3346
2525 1.2933
2526 1.2701
2527 1.2453
2528 1.2191
2529 1.1315
2530 1.0994
2531 1.066
2532 0.9964
2533 0.9226
2534 0.884
2535 0.8447
2536 0.8047
2537 0.7336
2538 0.715
2539 0.7005
2540 0.7091
2541 0.7534
2542 0.7815
2543 0.8087
2544 0.8597
2545 0.8835
2546 0.9063
2547 0.9477
2548 0.9665
2549 0.9841
2550 1.0002
2551 1.0288
2552 1.0411
2553 1.0521
2554 1.0699
2555 1.0767
2556 1.0822
2557 1.0862
2558 1.0901
2559 1.09
2560 1.0886
2561 1.0858
2562 1.0761
2563 1.0692
2564 1.061
2565 1.0516
2566 1.0289
2567 1.0012
2568 0.9855
2569 0.9687
2570 0.9321
2571 0.9121
2572 0.8692
2573 0.8464
2574 0.8226
2575 0.7728
2576 0.7467
2577 0.692
2578 0.6638
2579 0.6052
2580 0.5751
2581 0.5445
2582 0.4824
2583 0.4509
2584 0.3866
2585 0.3543
2586 0.3217
2587 0.2632
2588 0.2462
2589 0.2387
2590 0.2431
2591 0.2548
2592 0.3102
2593 0.3439
2594 0.4107
2595 0.4434
2596 0.4757
2597 0.538
2598 0.5681
2599 0.6266
2600 0.6545
2601 0.7338
2602 0.7819
2603 0.8262
2604 0.8465
2605 0.8834
2606 0.9
2607 0.9155
2608 0.9425
2609 0.9542
2610 0.9646
2611 0.9815
2612 0.988
2613 0.9933
2614 0.9999
2615 1.0013
2616 1.0001
2617 0.9976
2618 0.9939
2619 0.9827
2620 0.9752
2621 0.9567
2622 0.9457
2623 0.9336
2624 0.906
2625 0.8906
2626 0.8742
2627 0.8568
2628 0.8384
2629 0.819
2630 0.7775
2631 0.7554
2632 0.7324
2633 0.7098
2634 0.6783
2635 0.6798
2636 0.6712
2637 0.6847
2638 0.7146
2639 0.7284
2640 0.7414
2641 0.7643
2642 0.7915
2643 0.7987
2644 0.8048
2645 0.8098
2646 0.817
2647 0.8191
2648 0.8202
2649 0.8193
2650 0.8174
2651 0.8106
2652 0.8057
2653 0.7998
2654 0.7853
2655 0.7766
2656 0.767
2657 0.7451
2658 0.7329
2659 0.7197
2660 0.7069
2661 0.7048
2662 0.7166
2663 0.7358
2664 0.7718
2665 0.7885
2666 0.8043
2667 0.8324
2668 0.8448
2669 0.8667
2670 0.8759
2671 0.8841
2672 0.8971
2673 0.902
2674 0.9057
2675 0.9098
2676 0.9101
2677 0.9094
2678 0.9045
2679 0.8951
2680 0.8887
2681 0.8728
2682 0.8632
2683 0.8548
2684 0.8521
2685 0.8602
2686 0.8661
2687 0.8709
2688 0.8746
2689 0.8788
2690 0.8793
2691 0.877
2692 0.8742
2693 0.8704
2694 0.8596
2695 0.8526
2696 0.8356
2697 0.8257
2698 0.8148
2699 0.803
2700 0.7767
2701 0.7623
2702 0.747
2703 0.731
2704 0.6968
2705 0.6911
2706 0.6847
2707 0.6869
2708 0.7005
2709 0.7069
2710 0.7125
2711 0.7173
2712 0.7213
2713 0.7267
2714 0.7282
2715 0.7289
2716 0.7257
2717 0.723
2718 0.7195
2719 0.71
2720 0.704
2721 0.6973
2722 0.6898
2723 0.6726
2724 0.6629
2725 0.6525
2726 0.6414
2727 0.6172
2728 0.6041
2729 0.5904
2730 0.5614
2731 0.546
2732 0.5301
2733 0.5138
2734 0.4798
2735 0.462
2736 0.4439
2737 0.4255
2738 0.4067
2739 0.3682
2740 0.3485
2741 0.309
2742 0.2937
2743 0.2887
2744 0.2747
2745 0.2781
2746 0.28
2747 0.2836
2748 0.2851
2749 0.2864
2750 0.2885
2751 0.2899
2752 0.2903
2753 0.2906
2754 0.2906
2755 0.2902
2756 0.2897
2757 0.2891
2758 0.2873
2759 0.2861
2760 0.2848
2761 0.2817
2762 0.2779
2763 0.2758
2764 0.2789
2765 0.2947
2766 0.3205
2767 0.3416
2768 0.6566
2769 0.672
2770 0.7014
2771 0.7129
2772 0.7236
2773 0.7499
2774 0.7568
2775 0.7678
2776 0.7719
2777 0.7771
2778 0.7786
2779 0.7779
2780 0.7762
2781 0.7701
2782 0.7656
2783 0.754
2784 0.7469
2785 0.73
2786 0.7203
2787 0.6984
2788 0.6863
2789 0.6746
2790 0.6658
2791 0.6553
2792 0.6577
2793 0.66
2794 0.6625
2795 0.6627
2796 0.6622
2797 0.6588
2798 0.6524
2799 0.6481
2800 0.6374
2801 0.631
2802 0.6162
2803 0.6078
2804 0.5987
2805 0.5891
2806 0.568
2807 0.5565
2808 0.5319
2809 0.5189
2810 0.4516
