0 0.7598
1 0.7598
2 0.7598
3 0.7598
4 0.7598
5 0.7598
6 0.7598
7 0.7598
8 0.7598
9 0.7598
10 0.7598
11 0.7599
12 0.7598
13 0.7598
14 0.7597
15 0.7596
16 0.7595
17 0.7594
18 0.7593
19 0.7591
20 0.7589
21 0.7588
22 0.7587
23 0.7586
24 0.7583
25 0.7581
26 0.7579
27 0.7577
28 0.7575
29 0.7571
30 0.7569
31 0.7567
32 0.7564
33 0.7559
34 0.7556
35 0.755
36 0.755
37 0.7543
38 0.7536
39 0.7533
40 0.7525
41 0.7521
42 0.7517
43 0.7512
44 0.7502
45 0.7497
46 0.7492
47 0.7481
48 0.7476
49 0.747
50 0.7463
51 0.7457
52 0.7443
53 0.7436
54 0.7428
55 0.742
56 0.7403
57 0.7395
58 0.7386
59 0.7366
60 0.7356
61 0.7345
62 0.7334
63 0.7312
64 0.7299
65 0.7287
66 0.7274
67 0.7261
68 0.7232
69 0.7218
70 0.7202
71 0.7187
72 0.7154
73 0.7137
74 0.7101
75 0.7082
76 0.7043
77 0.7023
78 0.7002
79 0.6958
80 0.6936
81 0.6913
82 0.6865
83 0.684
84 0.6814
85 0.6788
86 0.6733
87 0.6705
88 0.6675
89 0.6646
90 0.6552
91 0.6519
92 0.6485
93 0.6451
94 0.638
95 0.6306
96 0.6268
97 0.6189
98 0.6148
99 0.6107
100 0.6064
101 0.5977
102 0.5885
103 0.5838
104 0.5741
105 0.5691
106 0.564
107 0.5589
108 0.5539
109 0.5444
110 0.54
111 0.5323
112 0.5292
113 0.5253
114 0.5249
115 0.5161
116 0.51
117 0.5042
118 0.4936
119 0.4886
120 0.4576
121 0.4492
122 0.445
123 0.441
124 0.4325
125 0.4281
126 0.4235
127 0.414
128 0.409
129 0.404
130 0.3769
131 0.3711
132 0.3652
133 0.3592
134 0.3531
135 0.3469
136 0.3339
137 0.3272
138 0.3204
139 0.3135
140 0.2992
141 0.2918
142 0.2766
143 0.2689
144 0.2529
145 0.2365
146 0.2281
147 0.2195
148 0.2022
149 0.1933
150 0.1843
151 0.1659
152 0.1564
153 0.1469
154 0.1274
155 0.1175
156 0.1074
157 0.0972
158 0.0764
159 0.0657
160 0.0549
161 0.0441
162 0.0219
163 0.0106
164 -0.0008
165 -0.0123
166 -0.0358
167 -0.0473
168 -0.0593
169 -0.0715
170 -0.0958
171 -0.108
172 -0.1205
173 -0.1331
174 -0.1586
175 -0.1714
176 -0.1846
177 -0.1976
178 -0.2239
179 -0.2373
180 -0.2508
181 -0.2775
182 -0.291
183 -0.3186
184 -0.3325
185 -0.3464
186 -0.374
187 -0.3881
188 -0.402
189 -0.4161
190 -0.43
191 -0.4585
192 -0.4729
193 -0.487
194 -0.5014
195 -0.5157
196 -0.5302
197 -0.5589
198 -0.5732
199 -0.5878
200 -0.6019
201 -0.6306
202 -0.6451
203 -0.6592
204 -0.6735
205 -0.6876
206 -0.716
207 -0.7302
208 -0.7442
209 -0.7583
210 -0.7721
211 -0.7997
212 -0.8136
213 -0.8272
214 -0.8408
215 -0.8674
216 -0.8805
217 -0.8937
218 -0.9063
219 -0.9317
220 -0.9444
221 -0.9689
222 -0.9808
223 -0.9927
224 -1.0156
225 -1.0266
226 -1.0378
227 -1.0483
228 -1.059
229 -1.0796
230 -1.0894
231 -1.0993
232 -1.1087
233 -1.1269
234 -1.1358
235 -1.1443
236 -1.1526
237 -1.1603
238 -1.1681
239 -1.1827
240 -1.1894
241 -1.1961
242 -1.2082
243 -1.2137
244 -1.2191
245 -1.2286
246 -1.2328
247 -1.2369
248 -1.2404
249 -1.2467
250 -1.2494
251 -1.2516
252 -1.2536
253 -1.2551
254 -1.2572
255 -1.2578
256 -1.2578
257 -1.2576
258 -1.2559
259 -1.2544
260 -1.2525
261 -1.2461
262 -1.2414
263 -1.2294
264 -1.2221
265 -1.214
266 -1.2047
267 -1.1834
268 -1.1715
269 -1.1586
270 -1.145
271 -1.1156
272 -1.1002
273 -1.0845
274 -1.0524
275 -1.0358
276 -1.0016
277 -1.0016
278 -0.966
279 -0.9479
280 -0.9292
281 -0.8914
282 -0.8524
283 -0.812
284 -0.812
285 -0.7708
286 -0.75
287 -0.7287
288 -0.7073
289 -0.6636
290 -0.6413
291 -0.6186
292 -0.5504
293 -0.5039
294 -0.4802
295 -0.4567
296 -0.4096
297 -0.3618
298 -0.3375
299 -0.3133
300 -0.2891
301 -0.2402
302 -0.2156
303 -0.1907
304 -0.166
305 -0.1163
306 -0.0912
307 -0.0661
308 -0.0411
309 0.0089
310 0.034
311 0.0592
312 0.084
313 0.1338
314 0.1588
315 0.1836
316 0.2082
317 0.2327
318 0.2815
319 0.3058
320 0.3299
321 0.3538
322 0.401
323 0.4244
324 0.4477
325 0.4705
326 0.5156
327 0.5379
328 0.5599
329 0.5815
330 0.624
331 0.6447
332 0.6653
333 0.6853
334 0.7245
335 0.7436
336 0.7623
337 0.7982
338 0.8155
339 0.8488
340 0.8647
341 0.8802
342 0.9093
343 0.9231
344 0.9494
345 0.9617
346 0.9734
347 0.9847
348 0.9953
349 1.015
350 1.0241
351 1.0326
352 1.0404
353 1.0544
354 1.0605
355 1.066
356 1.0709
357 1.0788
358 1.082
359 1.0844
360 1.0863
361 1.0883
362 1.0891
363 1.0901
364 1.0911
365 1.0936
366 1.0961
367 1.0972
368 1.1005
369 1.1027
370 1.1051
371 1.1071
372 1.1089
373 1.1086
374 1.1078
375 1.1038
376 1.1007
377 1.0969
378 1.0923
379 1.0871
380 1.0745
381 1.067
382 1.0589
383 1.0406
384 1.0195
385 1.0078
386 0.9956
387 0.9826
388 0.9692
389 0.94
390 0.9244
391 0.9083
392 0.8743
393 0.8564
394 0.838
395 0.819
396 0.7587
397 0.7373
398 0.7155
399 0.6934
400 0.6479
401 0.6244
402 0.6002
403 0.5513
404 0.5262
405 0.5006
406 0.4488
407 0.4225
408 0.3956
409 0.3687
410 0.3137
411 0.2856
412 0.2286
413 0.1711
414 0.1422
415 0.0842
416 0.0552
417 0.0262
418 -0.0316
419 -0.0606
420 -0.0897
421 -0.1473
422 -0.1761
423 -0.2337
424 -0.2622
425 -0.2908
426 -0.319
427 -0.3752
428 -0.4032
429 -0.431
430 -0.4854
431 -0.5122
432 -0.5388
433 -0.5905
434 -0.6159
435 -0.641
436 -0.6895
437 -0.7128
438 -0.7347
439 -0.7548
440 -0.7909
441 -0.8062
442 -0.82
443 -0.8322
444 -0.8523
445 -0.8609
446 -0.8691
447 -0.884
448 -0.8908
449 -0.9029
450 -0.9131
451 -0.9174
452 -0.9246
453 -0.9274
454 -0.9315
455 -0.9328
456 -0.9336
457 -0.9339
458 -0.9318
459 -0.9301
460 -0.9279
461 -0.9221
462 -0.9184
463 -0.9095
464 -0.9044
465 -0.8988
466 -0.8927
467 -0.879
468 -0.8715
469 -0.8549
470 -0.846
471 -0.8267
472 -0.8164
473 -0.8057
474 -0.7946
475 -0.7711
476 -0.7588
477 -0.7459
478 -0.7328
479 -0.7054
480 -0.6911
481 -0.6764
482 -0.6463
483 -0.6307
484 -0.6149
485 -0.5825
486 -0.5659
487 -0.5319
488 -0.5145
489 -0.4969
490 -0.4615
491 -0.4435
492 -0.4252
493 -0.3887
494 -0.3702
495 -0.3515
496 -0.3143
497 -0.2956
498 -0.2767
499 -0.2393
500 -0.2205
501 -0.2017
502 -0.1645
503 -0.1459
504 -0.1274
505 -0.0908
506 -0.0724
507 -0.0334
508 -0.0217
509 -0.0311
510 0.0614
511 0.0862
512 0.1127
513 0.1653
514 0.191
515 0.2165
516 0.2655
517 0.2893
518 0.3128
519 0.3355
520 0.3797
521 0.4011
522 0.422
523 0.4616
524 0.4805
525 0.4988
526 0.5164
527 0.5497
528 0.5655
529 0.5806
530 0.6085
531 0.6214
532 0.6336
533 0.6556
534 0.6655
535 0.6831
536 0.6908
537 0.6977
538 0.7038
539 0.7138
540 0.7177
541 0.7208
542 0.7232
543 0.7248
544 0.7257
545 0.7237
546 0.7215
547 0.7186
548 0.715
549 0.7055
550 0.6997
551 0.6931
552 0.678
553 0.6693
554 0.66
555 0.6396
556 0.6284
557 0.6165
558 0.5911
559 0.5775
560 0.5633
561 0.5334
562 0.5176
563 0.4845
564 0.4672
565 0.4494
566 0.4129
567 0.394
568 0.3746
569 0.355
570 0.3146
571 0.2939
572 0.1384
573 0.0679
574 0.044
575 0.023
576 0.0289
577 0.0559
578 -0.054
579 -0.0591
580 -0.0686
581 -0.0714
582 -0.0743
583 -0.0803
584 -0.0834
585 -0.0866
586 -0.09
587 -0.0969
588 -0.1005
589 -0.1042
590 -0.108
591 -0.1159
592 -0.1199
593 -0.1241
594 -0.1325
595 -0.1369
596 -0.1457
597 -0.1547
598 -0.1593
599 -0.1639
600 -0.1685
601 -0.1779
602 -0.1826
603 -0.1921
604 -0.1969
605 -0.2016
606 -0.2064
607 -0.2158
608 -0.2205
609 -0.2252
610 -0.2345
611 -0.239
612 -0.2435
613 -0.2523
614 -0.2608
615 -0.265
616 -0.2691
617 -0.273
618 -0.2806
619 -0.2843
620 -0.2879
621 -0.2914
622 -0.298
623 -0.3012
624 -0.3071
625 -0.3099
626 -0.3125
627 -0.3172
628 -0.3194
629 -0.3214
630 -0.3233
631 -0.3261
632 -0.3251
633 -0.3222
634 -0.3179
635 -0.3054
636 -0.2973
637 -0.2891
638 -0.2726
639 -0.2643
640 -0.2559
641 -0.2475
642 -0.2392
643 -0.2223
644 -0.2138
645 -0.2054
646 -0.1886
647 -0.1803
648 -0.1721
649 -0.1639
650 -0.1477
651 -0.1396
652 -0.1237
653 -0.1083
654 -0.1008
655 -0.0934
656 -0.0862
657 -0.0721
658 -0.0652
659 -0.0585
660 -0.052
661 -0.0455
662 -0.0332
663 -0.0272
664 -0.0214
665 -0.0158
666 -0.005
667 0.0001
668 0.005
669 0.0142
670 0.0184
671 0.0264
672 0.0335
673 0.0367
674 0.0397
675 0.0424
676 0.0473
677 0.0494
678 0.0513
679 0.053
680 0.0544
681 0.0567
682 0.0589
683 0.0703
684 -0.1186
685 0.1096
686 0.1157
687 0.1327
688 0.1509
689 0.1703
690 0.2082
691 0.2264
692 0.2614
693 0.2779
694 0.2939
695 0.3091
696 0.3376
697 0.351
698 0.3637
699 0.3756
700 0.3975
701 0.4074
702 0.4165
703 0.4249
704 0.4395
705 0.4457
706 0.4512
707 0.4559
708 0.4598
709 0.467
710 0.4679
711 0.4675
712 0.466
713 0.4639
714 0.4609
715 0.4529
716 0.4478
717 0.442
718 0.4355
719 0.4204
720 0.4119
721 0.3708
722 0.3589
723 0.3464
724 0.3337
725 0.3064
726 0.277
727 0.2615
728 0.2295
729 0.213
730 0.1961
731 0.1615
732 0.1438
733 0.1257
734 0.1075
735 0.0891
736 0.0514
737 0.0127
738 -0.0069
739 -0.0461
740 -0.0657
741 -0.0853
742 -0.1047
743 -0.1437
744 -0.1631
745 -0.202
746 -0.2212
747 -0.2593
748 -0.2779
749 -0.3147
750 -0.3326
751 -0.3498
752 -0.3811
753 -0.3998
754 -0.3998
755 -0.383
756 -0.3689
757 -0.3392
758 -0.3091
759 -0.294
760 -0.2791
761 -0.2496
762 -0.2205
763 -0.2061
764 -0.1919
765 -0.1643
766 -0.1508
767 -0.1244
768 -0.0992
769 -0.087
770 -0.0752
771 -0.0528
772 -0.0421
773 -0.0317
774 -0.0122
775 -0.0031
776 0.0058
777 0.022
778 0.0295
779 0.0434
780 0.0497
781 0.0556
782 0.0659
783 0.0705
784 0.0746
785 0.0814
786 0.0865
787 0.0884
788 0.0903
789 0.0945
790 0.1115
791 0.1243
792 0.14
793 0.1705
794 0.185
795 0.1988
796 0.2119
797 0.2361
798 0.2577
799 0.2675
800 0.2764
801 0.2846
802 0.292
803 0.2988
804 0.3101
805 0.3147
806 0.3185
807 0.3215
808 0.3254
809 0.3263
810 0.3264
811 0.3257
812 0.3222
813 0.3194
814 0.3158
815 0.3116
816 0.301
817 0.2947
818 0.2877
819 0.2719
820 0.263
821 0.2536
822 0.2435
823 0.2329
824 0.21
825 0.1977
826 0.1849
827 0.1726
828 -0.2214
829 0.1946
830 0.1922
831 0.2053
832 0.2371
833 0.2522
834 0.2664
835 0.2797
836 0.292
837 0.3141
838 0.3237
839 0.3403
840 0.3471
841 0.3529
842 0.3615
843 0.3644
844 0.3673
845 0.3673
846 0.3663
847 0.3616
848 0.3579
849 0.3477
850 0.3412
851 0.334
852 0.3259
853 0.3072
854 0.2966
855 0.2731
856 0.2468
857 0.2468
858 0.218
859 0.2028
860 0.1868
861 0.1535
862 0.136
863 0.1179
864 0.0996
865 0.0807
866 0.0416
867 0.0215
868 0.0009
869 -0.0198
870 -0.0622
871 -0.0839
872 -0.1058
873 -0.1277
874 -0.1498
875 -0.1943
876 -0.2168
877 -0.262
878 -0.2845
879 -0.3069
880 -0.329
881 -0.3511
882 -0.3948
883 -0.4164
884 -0.4378
885 -0.4588
886 -0.5
887 -0.5202
888 -0.54
889 -0.5592
890 -0.5965
891 -0.6146
892 -0.6321
893 -0.649
894 -0.6646
895 -0.6946
896 -0.7148
897 -0.692
898 -0.6603
899 -0.6401
900 -0.6197
901 -0.599
902 -0.5569
903 -0.5355
904 -0.5138
905 -0.4922
906 -0.4486
907 -0.4267
908 -0.4046
909 -0.3828
910 -0.3391
911 -0.3172
912 -0.2955
913 -0.274
914 -0.2315
915 -0.2105
916 -0.1896
917 -0.1692
918 -0.1292
919 -0.1096
920 -0.0903
921 -0.0715
922 -0.035
923 -0.0174
924 -0.0002
925 0.0307
926 0.0689
927 0.1599
928 0.2161
929 0.2717
930 0.3257
931 0.3786
932 0.4809
933 0.5302
934 0.5781
935 0.6678
936 0.7508
937 0.7508
938 0.8256
939 0.8596
940 0.8921
941 0.9224
942 0.9507
943 1.0016
944 1.0241
945 1.0446
946 1.0786
947 1.0924
948 1.1137
949 1.1137
950 1.1265
951 1.1298
952 1.131
953 1.13
954 1.127
955 1.1149
956 1.1058
957 1.0947
958 1.0668
959 1.05
960 1.0313
961 1.0109
962 0.9886
963 0.9462
964 0.9341
965 0.9359
966 0.9395
967 0.9753
968 0.9909
969 1.0047
970 1.0161
971 1.0327
972 1.0377
973 1.0407
974 1.0399
975 1.0363
976 1.0305
977 1.0227
978 1.0008
979 0.9869
980 0.9708
981 0.953
982 0.9331
983 0.8878
984 0.8624
985 0.835
986 0.8062
987 0.7756
988 0.7094
989 0.6739
990 0.6368
991 0.5985
992 0.5669
993 0.5226
994 0.5092
995 0.499
996 0.477
997 0.464
998 0.4334
999 0.4161
1000 0.3974
1001 0.3774
1002 0.356
1003 0.3095
1004 0.2843
1005 0.2578
1006 0.2304
1007 0.1722
1008 0.1415
1009 0.1097
1010 0.0772
1011 0.0095
1012 -0.0257
1013 -0.0617
1014 -0.1348
1015 -0.1722
1016 -0.2101
1017 -0.2482
1018 -0.3257
1019 -0.3651
1020 -0.4047
1021 -0.4442
1022 -0.5237
1023 -0.5636
1024 -0.6036
1025 -0.643
1026 -0.7217
1027 -0.7607
1028 -0.7995
1029 -0.8376
1030 -0.8753
1031 -0.9126
1032 -0.9857
1033 -1.0214
1034 -1.0513
1035 -1.0557
1036 -1.0178
1037 -0.9307
1038 -0.8862
1039 -0.8415
1040 -0.7974
1041 -0.7535
1042 -0.6661
1043 -0.6228
1044 -0.5798
1045 -0.5376
1046 -0.496
1047 -0.4548
1048 -0.3741
1049 -0.3346
1050 -0.2958
1051 -0.2582
1052 -0.1854
1053 -0.1503
1054 -0.1161
1055 -0.0833
1056 -0.0207
1057 0.009
1058 0.0376
1059 0.0903
1060 0.1146
1061 0.1378
1062 0.1593
1063 0.1985
1064 0.2198
1065 0.2508
1066 0.2833
1067 0.3269
1068 0.3704
1069 0.4527
1070 0.4912
1071 0.5279
1072 0.5621
1073 0.6248
1074 0.6531
1075 0.6794
1076 0.7033
1077 0.725
1078 0.7622
1079 0.7775
1080 0.7907
1081 0.8015
1082 0.8101
1083 0.8165
1084 0.8208
1085 0.8227
1086 0.8205
1087 0.816
1088 0.8007
1089 0.7956
1090 0.8226
1091 0.8296
1092 0.8635
1093 0.9456
1094 0.9859
1095 1.0234
1096 1.0887
1097 1.1168
1098 1.164
1099 1.1828
1100 1.1985
1101 1.2202
1102 1.2264
1103 1.2295
1104 1.2295
1105 1.2205
1106 1.2116
1107 1.1997
1108 1.1675
1109 1.1471
1110 1.124
1111 1.0701
1112 1.0059
1113 0.9315
1114 0.8908
1115 0.8035
1116 0.4991
1117 0.2608
1118 0.1971
1119 0.1347
1120 0.0133
1121 -0.0475
1122 -0.1088
1123 -0.2259
1124 -0.2735
1125 -0.3046
1126 -0.3294
1127 -0.331
1128 -0.3328
1129 -0.3376
1130 -0.3408
1131 -0.3447
1132 -0.3492
1133 -0.36
1134 -0.3664
1135 -0.3735
1136 -0.3893
1137 -0.3893
1138 -0.4076
1139 -0.4282
1140 -0.4394
1141 -0.4512
1142 -0.4634
1143 -0.4894
1144 -0.5033
1145 -0.5176
1146 -0.5474
1147 -0.5629
1148 -0.5952
1149 -0.6118
1150 -0.646
1151 -0.6634
1152 -0.6811
1153 -0.7167
1154 -0.7347
1155 -0.7711
1156 -0.7893
1157 -0.8072
1158 -0.8222
1159 -0.8286
1160 -0.8211
1161 -0.8135
1162 -0.8058
1163 -0.7983
1164 -0.7838
1165 -0.7698
1166 -0.7566
1167 -0.7502
1168 -0.7441
1169 -0.7383
1170 -0.7273
1171 -0.722
1172 -0.717
1173 -0.7076
1174 -0.7033
1175 -0.6992
1176 -0.6953
1177 -0.6881
1178 -0.6848
1179 -0.6782
1180 -0.6601
1181 -0.6339
1182 -0.5529
1183 -0.5107
1184 -0.4275
1185 -0.3874
1186 -0.3479
1187 -0.2731
1188 -0.2373
1189 -0.2025
1190 -0.1373
1191 -0.1066
1192 -0.0487
1193 -0.0219
1194 0.0036
1195 0.0275
1196 0.0714
1197 0.0913
1198 0.1098
1199 0.1267
1200 0.1563
1201 0.169
1202 0.1901
1203 0.1983
1204 0.2051
1205 0.2141
1206 0.2172
1207 0.2166
1208 0.2145
1209 0.2062
1210 0.2
1211 0.1924
1212 0.1735
1213 0.1621
1214 0.1495
1215 0.121
1216 0.105
1217 0.0697
1218 0.0506
1219 0.0304
1220 -0.0122
1221 -0.0583
1222 -0.0826
1223 -0.1315
1224 -0.1543
1225 -0.18
1226 -0.1793
1227 -0.1829
1228 -0.1822
1229 -0.1822
1230 -0.1842
1231 -0.1863
1232 -0.1891
1233 -0.1925
1234 -0.2014
1235 -0.2069
1236 -0.213
1237 -0.2197
1238 -0.235
1239 -0.2435
1240 -0.2624
1241 -0.2726
1242 -0.2833
1243 -0.2945
1244 -0.3182
1245 -0.3308
1246 -0.3438
1247 -0.3571
1248 -0.3848
1249 -0.3992
1250 -0.4139
1251 -0.4287
1252 -0.4591
1253 -0.4746
1254 -0.4903
1255 -0.506
1256 -0.5218
1257 -0.5536
1258 -0.5696
1259 -0.5855
1260 -0.6097
1261 -0.6009
1262 -0.5934
1263 -0.5847
1264 -0.5744
1265 -0.5537
1266 -0.5435
1267 -0.5334
1268 -0.5235
1269 -0.5138
1270 -0.5042
1271 -0.4857
1272 -0.4766
1273 -0.4678
1274 -0.4593
1275 -0.451
1276 -0.435
1277 -0.4274
1278 -0.4128
1279 -0.4059
1280 -0.3993
1281 -0.393
1282 -0.3813
1283 -0.3758
1284 -0.3706
1285 -0.3612
1286 -0.3569
1287 -0.3529
1288 -0.3493
1289 -0.3429
1290 -0.3401
1291 -0.3376
1292 -0.3353
1293 -0.3334
1294 -0.3303
1295 -0.3292
1296 -0.3283
1297 -0.3277
1298 -0.3272
1299 -0.3273
1300 -0.3276
1301 -0.329
1302 -0.33
1303 -0.3312
1304 -0.3326
1305 -0.3342
1306 -0.3379
1307 -0.3401
1308 -0.3423
1309 -0.3447
1310 -0.35
1311 -0.3528
1312 -0.3557
1313 -0.3587
1314 -0.365
1315 -0.3666
1316 -0.3653
1317 -0.3656
1318 -0.3479
1319 -0.3132
1320 -0.3132
1321 -0.2794
1322 -0.2621
1323 -0.245
1324 -0.2123
1325 -0.1965
1326 -0.1812
1327 -0.1665
1328 -0.1521
1329 -0.1383
1330 -0.1119
1331 -0.0995
1332 -0.0875
1333 -0.0762
1334 -0.0552
1335 -0.0455
1336 -0.0363
1337 -0.0278
1338 -0.0126
1339 0.0003
1340 0.0059
1341 0.0149
1342 0.0185
1343 0.0214
1344 0.0236
1345 0.0263
1346 0.0267
1347 0.0266
1348 0.0258
1349 0.0244
1350 0.02
1351 0.0169
1352 0.0133
1353 0.0091
1354 -0.0008
1355 -0.0065
1356 -0.0128
1357 -0.0265
1358 -0.0341
1359 -0.0421
1360 -0.0591
1361 -0.0682
1362 -0.0776
1363 -0.0874
1364 -0.1078
1365 -0.1184
1366 -0.1294
1367 -0.1405
1368 -0.1634
1369 -0.1752
1370 -0.1872
1371 -0.1992
1372 -0.2113
1373 -0.2359
1374 -0.2483
1375 -0.2608
1376 -0.2732
1377 -0.298
1378 -0.3104
1379 -0.335
1380 -0.3471
1381 -0.3591
1382 -0.3822
1383 -0.3822
1384 -0.4045
1385 -0.4152
1386 -0.4258
1387 -0.4459
1388 -0.4554
1389 -0.4647
1390 -0.4735
1391 -0.482
1392 -0.4978
1393 -0.5051
1394 -0.5121
1395 -0.5185
1396 -0.5219
1397 -0.5538
1398 -0.6487
1399 -0.7814
1400 -0.6948
1401 -0.6134
1402 -0.4629
1403 -0.3951
1404 -0.3329
1405 -0.2262
1406 -0.1805
1407 -0.1385
1408 -0.1006
1409 -0.0314
1410 0.0015
1411 0.0339
1412 0.0957
1413 0.1254
1414 0.1543
1415 0.1821
1416 0.2352
1417 0.2847
1418 0.308
1419 0.3301
1420 0.3509
1421 0.3892
1422 0.4067
1423 0.4384
1424 0.4524
1425 0.4651
1426 0.4766
1427 0.4958
1428 0.5037
1429 0.5103
1430 0.5156
1431 0.5225
1432 0.5242
1433 0.5246
1434 0.5239
1435 0.5187
1436 0.5088
1437 0.5021
1438 0.4943
1439 0.4854
1440 0.4643
1441 0.4643
1442 0.439
1443 0.4249
1444 0.4097
1445 0.3767
1446 0.3403
1447 0.3207
1448 0.3005
1449 0.2797
1450 0.2359
1451 0.213
1452 0.1895
1453 0.1412
1454 0.1164
1455 0.0654
1456 0.0135
1457 -0.0129
1458 -0.0393
1459 -0.0918
1460 -0.1181
1461 -0.1446
1462 -0.1966
1463 -0.2225
1464 -0.2739
1465 -0.2992
1466 -0.3243
1467 -0.3729
1468 -0.3966
1469 -0.4199
1470 -0.4647
1471 -0.5074
1472 -0.5481
1473 -0.5675
1474 -0.586
1475 -0.6037
1476 -0.637
1477 -0.6526
1478 -0.6817
1479 -0.695
1480 -0.7075
1481 -0.719
1482 -0.7397
1483 -0.7487
1484 -0.757
1485 -0.7706
1486 -0.776
1487 -0.7805
1488 -0.7867
1489 -0.7884
1490 -0.7892
1491 -0.788
1492 -0.786
1493 -0.7832
1494 -0.7794
1495 -0.7692
1496 -0.7628
1497 -0.7474
1498 -0.7385
1499 -0.7288
1500 -0.7071
1501 -0.6951
1502 -0.6824
1503 -0.655
1504 -0.6404
1505 -0.625
1506 -0.576
1507 -0.5586
1508 -0.5406
1509 -0.5224
1510 -0.4847
1511 -0.4452
1512 -0.4249
1513 -0.3836
1514 -0.3419
1515 -0.3208
1516 -0.2997
1517 -0.2577
1518 -0.2366
1519 -0.2155
1520 -0.1739
1521 -0.1531
1522 -0.1325
1523 -0.1121
1524 -0.0718
1525 -0.0518
1526 -0.032
1527 0.0063
1528 0.025
1529 0.0616
1530 0.0793
1531 0.1135
1532 0.1299
1533 0.1458
1534 0.1759
1535 0.1902
1536 0.2173
1537 0.2299
1538 0.2419
1539 0.264
1540 0.2741
1541 0.2836
1542 0.3004
1543 0.3146
1544 0.3208
1545 0.3309
1546 0.3381
1547 0.3407
1548 0.3426
1549 0.3438
1550 0.3441
1551 0.3434
1552 0.3398
1553 0.3371
1554 0.3338
1555 0.3299
1556 0.3253
1557 0.3145
1558 0.3082
1559 0.3014
1560 0.2862
1561 0.269
1562 0.2596
1563 0.2397
1564 0.2292
1565 0.2182
1566 0.1955
1567 0.1836
1568 0.1589
1569 0.1462
1570 0.1199
1571 0.1065
1572 0.0929
1573 0.0655
1574 0.0517
1575 0.0236
1576 0.0095
1577 -0.0046
1578 -0.0325
1579 -0.0463
1580 -0.074
1581 -0.0876
1582 -0.1146
1583 -0.1277
1584 -0.1407
1585 -0.1534
1586 -0.1783
1587 -0.2022
1588 -0.2139
1589 -0.2251
1590 -0.2359
1591 -0.2566
1592 -0.276
1593 -0.2852
1594 -0.2939
1595 -0.3099
1596 -0.3172
1597 -0.324
1598 -0.3362
1599 -0.3416
1600 -0.351
1601 -0.3549
1602 -0.3584
1603 -0.3613
1604 -0.3666
1605 -0.3708
1606 -0.3777
1607 -0.4063
1608 -0.4314
1609 -0.4655
1610 -0.563
1611 -0.6269
1612 -0.7006
1613 -0.4872
1614 -0.3412
1615 -0.249
1616 -0.2259
1617 -0.1828
1618 -0.1623
1619 -0.1417
1620 -0.1008
1621 -0.0601
1622 -0.0194
1623 0.0007
1624 0.0398
1625 0.0587
1626 0.0957
1627 0.1136
1628 0.1312
1629 0.1646
1630 0.1806
1631 0.2113
1632 0.2257
1633 0.2397
1634 0.2655
1635 0.2775
1636 0.2998
1637 0.3099
1638 0.3282
1639 0.3363
1640 0.3438
1641 0.3564
1642 0.3617
1643 0.3663
1644 0.3732
1645 0.3756
1646 0.3783
1647 0.3786
1648 0.3771
1649 0.3753
1650 0.3728
1651 0.3659
1652 0.3565
1653 0.3508
1654 0.3445
1655 0.3382
1656 0.3252
1657 0.3183
1658 0.3091
1659 0.2993
1660 0.2785
1661 0.2675
1662 0.2442
1663 0.2321
1664 0.2196
1665 0.1935
1666 0.1659
1667 0.1372
1668 0.1226
1669 0.0934
1670 0.0787
1671 0.064
1672 0.0346
1673 0.02
1674 0.0386
1675 0.0792
1676 -0.0734
1677 -0.0222
1678 -0.0064
1679 0.0234
1680 0.0534
1681 0.068
1682 0.0959
1683 0.1093
1684 0.1223
1685 0.1468
1686 0.1695
1687 0.1803
1688 0.2
1689 0.2089
1690 0.225
1691 0.2322
1692 0.2448
1693 0.2548
1694 0.2588
1695 0.2647
1696 0.2667
1697 0.2679
1698 0.2685
1699 0.2665
1700 0.2645
1701 0.2586
1702 0.2547
1703 0.2451
1704 0.2394
1705 0.2331
1706 0.2263
1707 0.2111
1708 0.2027
1709 0.1937
1710 0.1746
1711 0.1614
1712 0.1632
1713 0.1696
1714 0.1993
1715 0.2185
1716 0.2373
1717 0.2722
1718 0.2885
1719 0.3039
1720 0.3317
1721 0.3442
1722 0.3666
1723 0.3762
1724 0.3848
1725 0.3989
1726 0.4044
1727 0.409
1728 0.4148
1729 0.4161
1730 0.4165
1731 0.4158
1732 0.4114
1733 0.4077
1734 0.4031
1735 0.3975
1736 0.3835
1737 0.3751
1738 0.3555
1739 0.3444
1740 0.3325
1741 0.3064
1742 0.2922
1743 0.2773
1744 0.2455
1745 0.2287
1746 0.2112
1747 0.1749
1748 0.156
1749 0.1365
1750 0.1168
1751 0.0759
1752 0.055
1753 0.0416
1754 0.0249
1755 0.0428
1756 0.0779
1757 0.0951
1758 0.1117
1759 0.1423
1760 0.1565
1761 0.17
1762 0.1941
1763 0.2049
1764 0.2149
1765 0.2239
1766 0.2394
1767 0.2459
1768 0.2515
1769 0.2561
1770 0.2627
1771 0.2646
1772 0.2686
1773 0.2967
1774 0.4008
1775 0.5292
1776 0.5918
1777 0.7102
1778 0.7654
1779 0.8186
1780 0.9161
1781 0.961
1782 1.0034
1783 1.0788
1784 1.1123
1785 1.1711
1786 1.196
1787 1.2181
1788 1.2526
1789 1.2654
1790 1.2822
1791 1.2861
1792 1.2871
1793 1.2802
1794 1.2724
1795 1.2485
1796 1.2324
1797 1.2159
1798 1.2104
1799 1.2482
1800 1.2949
1801 1.3414
1802 1.3848
1803 1.4616
1804 1.4949
1805 1.5247
1806 1.5505
1807 1.5915
1808 1.6067
1809 1.6183
1810 1.6299
1811 1.6302
1812 1.6199
1813 1.6092
1814 1.5774
1815 1.5618
1816 1.7404
1817 1.6436
1818 1.7048
1819 1.7772
1820 1.9156
1821 1.9793
1822 2.0383
1823 2.1395
1824 2.1823
1825 2.253
1826 2.2801
1827 2.3191
1828 2.3304
1829 2.3376
1830 2.3235
1831 2.3087
1832 2.2636
1833 2.2337
1834 2.1989
1835 2.1159
1836 2.0147
1837 1.9574
1838 1.8356
1839 1.789
1840 1.7481
1841 1.714
1842 1.7088
1843 1.6997
1844 1.6894
1845 1.6553
1846 1.6317
1847 1.5714
1848 1.4948
1849 1.4021
1850 1.3502
1851 1.2365
1852 1.1751
1853 1.0422
1854 0.9716
1855 0.8216
1856 0.7431
1857 0.5784
1858 0.4958
1859 0.4348
1860 0.3481
1861 0.2927
1862 0.2622
1863 0.1966
1864 0.1243
1865 0.0853
1866 0.0027
1867 -0.0408
1868 -0.1326
1869 -0.1806
1870 -0.23
1871 -0.3314
1872 -0.3838
1873 -0.4374
1874 -0.4915
1875 -0.6025
1876 -0.6594
1877 -0.7754
1878 -0.8339
1879 -0.9523
1880 -1.0115
1881 -1.1307
1882 -1.188
1883 -1.2334
1884 -1.2166
1885 -1.1973
1886 -1.1872
1887 -1.1773
1888 -1.1588
1889 -1.15
1890 -1.1334
1891 -1.1258
1892 -1.1115
1893 -1.105
1894 -1.0932
1895 -1.0832
1896 -1.0789
1897 -1.0718
1898 -1.069
1899 -1.0666
1900 -1.0633
1901 -1.0623
1902 -1.0617
1903 -1.0621
1904 -1.0642
1905 -1.0651
1906 -1.0581
1907 -1.0501
1908 -1.0327
1909 -1.0247
1910 -1.017
1911 -1.0035
1912 -0.9975
1913 -0.9869
1914 -0.9824
1915 -0.9783
1916 -0.9717
1917 -0.9671
1918 -0.9654
1919 -0.9642
1920 -0.9631
1921 -0.9631
1922 -0.9636
1923 -0.9655
1924 -0.967
1925 -0.9689
1926 -0.9734
1927 -0.976
1928 -0.979
1929 -0.9854
1930 -0.989
1931 -0.9927
1932 1.0036
1933 0.9578
1934 -0.8836
1935 -0.8523
1936 -0.8218
1937 -0.7535
1938 -0.7189
1939 -0.6849
1940 -0.6518
1941 -0.5877
1942 -0.5567
1943 -0.5265
1944 -0.4974
1945 -0.442
1946 -0.4157
1947 -0.3903
1948 -0.3435
1949 -0.3013
1950 -0.2819
1951 -0.2473
1952 -0.2322
1953 -0.2183
1954 -0.2058
1955 -0.1946
1956 -0.1759
1957 -0.1685
1958 -0.1623
1959 -0.1575
1960 -0.1516
1961 -0.1505
1962 -0.1506
1963 -0.152
1964 -0.1585
1965 -0.1634
1966 -0.1696
1967 -0.1851
1968 -0.1851
1969 -0.205
1970 -0.2164
1971 -0.2289
1972 -0.2566
1973 -0.2718
1974 -0.2878
1975 -0.3046
1976 -0.3405
1977 -0.3793
1978 -0.3998
1979 -0.4208
1980 -0.4638
1981 -0.486
1982 -0.5086
1983 -0.5314
1984 -0.5545
1985 -0.6016
1986 -0.6256
1987 -0.6498
1988 -0.6738
1989 -0.7222
1990 -0.7464
1991 -0.7949
1992 -0.8187
1993 -0.8423
1994 -0.8655
1995 -0.8884
1996 -0.9332
1997 -0.9551
1998 -0.9765
1999 -0.9972
2000 -1.0174
2001 -1.0561
2002 -1.0746
2003 -1.1095
2004 -1.1258
2005 -1.1413
2006 -1.1559
2007 -1.1826
2008 -1.2059
2009 -1.2163
2010 -1.2257
2011 -1.234
2012 -1.2413
2013 -1.2531
2014 -1.2606
2015 -1.2631
2016 -1.265
2017 -1.2637
2018 -1.2601
2019 -1.2561
2020 -1.2512
2021 -1.2378
2022 -1.2295
2023 -1.2203
2024 -1.199
2025 -1.1871
2026 -1.1742
2027 -1.1604
2028 -1.1304
2029 -1.1141
2030 -1.097
2031 -1.0607
2032 -1.0414
2033 -1.0214
2034 -1.0009
2035 -0.9797
2036 -0.9353
2037 -0.9121
2038 -0.8883
2039 -0.8641
2040 -0.8394
2041 -0.7884
2042 -0.7622
2043 -0.7356
2044 -0.7087
2045 -0.6816
2046 -0.5981
2047 -0.5697
2048 -0.541
2049 -0.4851
2050 -0.4573
2051 -0.4295
2052 -0.402
2053 -0.3746
2054 -0.3473
2055 -0.3201
2056 -0.2661
2057 -0.2393
2058 -0.2128
2059 -0.1869
2060 -0.1358
2061 -0.1108
2062 -0.0862
2063 -0.0622
2064 -0.0387
2065 0.0069
2066 0.029
2067 0.0505
2068 0.0712
2069 0.1108
2070 0.1296
2071 0.1478
2072 0.1651
2073 0.1976
2074 0.2128
2075 0.2271
2076 0.2406
2077 0.2532
2078 0.2651
2079 0.2761
2080 0.2957
2081 0.3042
2082 0.3118
2083 0.3177
2084 0.3252
2085 -0.3429
2086 0.2854
2087 0.244
2088 0.2027
2089 0.1591
2090 0.0712
2091 0.0269
2092 -0.0175
2093 -0.0614
2094 -0.1489
2095 -0.1924
2096 -0.2357
2097 -0.2782
2098 -0.3202
2099 -0.3618
2100 -0.4029
2101 -0.4832
2102 -0.5224
2103 -0.5609
2104 -0.6339
2105 -0.6339
2106 -0.7027
2107 -0.7351
2108 -0.7667
2109 -0.7969
2110 -0.8329
2111 -0.9629
2112 -1.0536
2113 -1.1429
2114 -1.2295
2115 -1.3956
2116 -1.4749
2117 -1.5516
2118 -1.6246
2119 -1.6946
2120 -1.7617
2121 -1.8256
2122 -1.8864
2123 -1.9439
2124 -2.0936
2125 -2.0981
2126 -2.1457
2127 -2.189
2128 -2.2291
2129 -2.2979
2130 -2.3265
2131 -2.3513
2132 -2.3876
2133 -2.3995
2134 -2.4074
2135 -2.4111
2136 -2.4066
2137 -2.3983
2138 -2.3861
2139 -2.3699
2140 -2.35
2141 -2.3262
2142 -2.2987
2143 -2.2697
2144 -2.263
2145 -2.2733
2146 -2.3122
2147 -2.361
2148 -2.361
2149 -2.4548
2150 -2.4948
2151 -2.5307
2152 -2.5612
2153 -2.6077
2154 -2.6268
2155 -2.6491
2156 -2.6499
2157 -2.6423
2158 -2.6295
2159 -2.6117
2160 -2.589
2161 -2.5613
2162 -2.5289
2163 -2.4499
2164 -2.4054
2165 -2.3857
2166 -2.3529
2167 -2.3705
2168 -2.3705
2169 -2.4243
2170 -2.4502
2171 -2.4714
2172 -2.487
2173 -2.4974
2174 -2.5024
2175 -2.4971
2176 -2.4864
2177 -2.4495
2178 -2.4233
2179 -2.392
2180 -2.3559
2181 -2.3149
2182 -2.2187
2183 -2.1635
2184 -2.1037
2185 -2.04
2186 -1.8997
2187 -1.8233
2188 -1.7467
2189 -1.6379
2190 -1.6156
2191 -1.5963
2192 -1.5915
2193 -1.5826
2194 -1.5527
2195 -1.5315
2196 -1.4764
2197 -1.4429
2198 -1.4053
2199 -1.3192
2200 -1.2706
2201 -1.2183
2202 -1.1043
2203 -1.0423
2204 -0.9771
2205 -0.8389
2206 -0.7657
2207 -0.6896
2208 -0.6115
2209 -0.4479
2210 -0.2747
2211 -0.1848
2212 -0.0016
2213 0.1694
2214 0.238
2215 0.2941
2216 0.4036
2217 0.4594
2218 0.5164
2219 0.5738
2220 0.6914
2221 0.7515
2222 0.8739
2223 0.9354
2224 1.06
2225 1.1222
2226 1.1847
2227 1.3078
2228 1.369
2229 1.43
2230 1.6072
2231 1.6646
2232 1.7215
2233 1.8289
2234 1.8756
2235 1.9133
2236 1.9254
2237 1.9463
2238 1.9549
2239 1.9627
2240 1.9751
2241 1.9799
2242 1.9867
2243 1.9887
2244 1.9898
2245 1.989
2246 1.9873
2247 1.9812
2248 1.9768
2249 1.9654
2250 1.9584
2251 1.9506
2252 1.9325
2253 1.9223
2254 1.9094
2255 1.8633
2256 1.834
2257 1.8029
2258 1.7392
2259 1.7067
2260 1.6738
2261 1.6077
2262 1.5744
2263 1.5407
2264 1.5072
2265 1.4398
2266 1.3717
2267 1.3376
2268 1.3037
2269 1.2373
2270 1.2045
2271 1.1718
2272 1.1397
2273 1.0761
2274 1.0448
2275 1.0137
2276 0.9537
2277 0.9244
2278 0.8957
2279 0.8405
2280 0.8139
2281 0.7878
2282 0.7151
2283 0.6925
2284 0.6495
2285 0.6296
2286 0.6105
2287 0.5924
2288 0.5586
2289 0.543
2290 0.5282
2291 0.5144
2292 0.4893
2293 0.4779
2294 0.4675
2295 0.4579
2296 0.4409
2297 0.433
2298 0.4253
2299 0.4181
2300 0.4047
2301 0.3989
2302 0.394
2303 0.3866
2304 0.3841
2305 0.3814
2306 0.3811
2307 0.3816
2308 0.3846
2309 0.3872
2310 0.3904
2311 0.3987
2312 0.4037
2313 0.4094
2314 0.4155
2315 0.4294
2316 0.4372
2317 0.4454
2318 0.454
2319 0.463
2320 0.4823
2321 0.4925
2322 0.5139
2323 0.525
2324 0.5479
2325 0.5596
2326 0.5716
2327 0.5955
2328 0.6075
2329 0.6196
2330 0.6435
2331 0.6554
2332 0.6671
2333 0.6787
2334 0.6902
2335 0.7126
2336 0.7236
2337 0.7346
2338 0.775
2339 0.7908
2340 0.809
2341 0.8547
2342 0.9048
2343 0.9294
2344 0.9759
2345 0.9977
2346 1.0186
2347 1.0385
2348 1.0575
2349 1.0927
2350 1.1089
2351 1.1241
2352 1.138
2353 1.1628
2354 1.1736
2355 1.1833
2356 1.1917
2357 1.199
2358 1.2138
2359 1.2164
2360 1.2179
2361 1.2168
2362 1.2144
2363 1.2109
2364 1.2001
2365 1.193
2366 1.1846
2367 1.1751
2368 1.1645
2369 1.1398
2370 1.1257
2371 1.1105
2372 1.0944
2373 1.0589
2374 1.0396
2375 1.0193
2376 0.9982
2377 0.9533
2378 0.9296
2379 0.905
2380 0.8541
2381 0.8277
2382 0.8006
2383 0.7731
2384 0.745
2385 0.6872
2386 0.6576
2387 0.6274
2388 0.5668
2389 0.5361
2390 0.5051
2391 0.4741
2392 0.443
2393 0.3802
2394 0.3486
2395 0.317
2396 0.2546
2397 0.2236
2398 0.1928
2399 0.1624
2400 0.1323
2401 0.0728
2402 0.0434
2403 0.0144
2404 -0.014
2405 -0.0416
2406 0.1163
2407 0.177
2408 0.1409
2409 -0.1025
2410 -0.0643
2411 -0.044
2412 -0.021
2413 0.0019
2414 0.0475
2415 0.0702
2416 0.0928
2417 0.115
2418 0.1369
2419 0.1801
2420 0.2012
2421 0.2425
2422 0.2624
2423 0.2818
2424 0.3185
2425 0.336
2426 0.3529
2427 0.369
2428 0.3844
2429 0.3992
2430 0.4268
2431 0.4396
2432 0.4516
2433 0.4628
2434 0.4731
2435 0.4915
2436 0.4995
2437 0.5147
2438 0.5399
2439 0.5702
2440 0.6712
2441 0.733
2442 0.7953
2443 0.8553
2444 0.97
2445 1.0245
2446 1.077
2447 1.1267
2448 1.2194
2449 1.2624
2450 1.3029
2451 1.3404
2452 1.3754
2453 1.4078
2454 1.4647
2455 1.4891
2456 1.5109
2457 1.5295
2458 1.5454
2459 1.5687
2460 1.5761
2461 1.5825
2462 1.5814
2463 1.5774
2464 1.561
2465 1.5486
2466 1.5335
2467 1.5157
2468 1.4954
2469 1.4469
2470 1.4188
2471 1.3881
2472 1.3204
2473 1.2831
2474 1.2435
2475 1.2021
2476 1.1131
2477 1.0656
2478 1.0162
2479 0.9654
2480 0.8991
2481 0.9107
2482 0.9067
2483 0.9448
2484 1.0639
2485 1.1471
2486 1.2324
2487 1.3141
2488 1.3926
2489 1.5389
2490 1.6066
2491 1.6707
2492 1.7299
2493 1.7853
2494 1.8839
2495 1.927
2496 1.966
2497 2.0001
2498 2.0552
2499 2.0762
2500 2.1049
2501 2.1123
2502 2.1153
2503 2.1137
2504 2.0973
2505 2.0826
2506 2.0635
2507 2.0403
2508 2.013
2509 1.9815
2510 1.946
2511 1.863
2512 1.8157
2513 1.7096
2514 1.6515
2515 1.5898
2516 1.5279
2517 1.3938
2518 1.3218
2519 1.2466
2520 1.0896
2521 1.0074
2522 0.9226
2523 0.8363
2524 0.6574
2525 0.565
2526 0.4707
2527 0.3758
2528 0.2794
2529 0.1818
2530 -0.0168
2531 -0.1177
2532 -0.2194
2533 -0.3747
2534 -0.415
2535 -0.4023
2536 -0.3089
2537 -0.2462
2538 -0.1846
2539 -0.0678
2540 0.0412
2541 0.0927
2542 0.1413
2543 0.187
2544 0.2713
2545 0.2713
2546 0.346
2547 0.379
2548 0.4099
2549 0.4377
2550 0.4852
2551 0.5049
2552 0.5218
2553 0.5357
2554 0.5552
2555 0.5607
2556 0.5634
2557 0.5604
2558 0.5547
2559 0.5349
2560 0.521
2561 0.5044
2562 0.4853
2563 0.4394
2564 0.4128
2565 0.3837
2566 0.3524
2567 0.2832
2568 0.2453
2569 0.2052
2570 0.1635
2571 0.0744
2572 -0.022
2573 -0.0728
2574 -0.1247
2575 -0.2312
2576 -0.286
2577 -0.3421
2578 -0.4554
2579 -0.5131
2580 -0.6307
2581 -0.6888
2582 -0.791
2583 -0.8121
2584 -0.8189
2585 -0.7996
2586 -0.7899
2587 -0.7806
2588 -0.7721
2589 -0.7571
2590 -0.7506
2591 -0.7396
2592 -0.7316
2593 -0.7287
2594 -0.7267
2595 -0.7248
2596 -0.726
2597 -0.7276
2598 -0.7301
2599 -0.737
2600 -0.7414
2601 -0.7466
2602 -0.7524
2603 -0.7659
2604 -0.7736
2605 -0.7818
2606 -0.7906
2607 -0.8097
2608 -0.82
2609 -0.842
2610 -0.8529
2611 -0.8457
2612 -0.777
2613 -0.7261
2614 -0.6158
2615 -0.562
2616 -0.5093
2617 -0.4585
2618 -0.3609
2619 -0.3143
2620 -0.2691
2621 -0.2261
2622 -0.1449
2623 -0.1069
2624 -0.0706
2625 -0.0365
2626 0.0259
2627 0.0807
2628 0.1052
2629 0.1471
2630 0.1644
2631 0.1797
2632 0.1926
2633 0.2122
2634 0.2188
2635 0.2234
2636 0.2259
2637 0.224
2638 0.2141
2639 0.2061
2640 0.1961
2641 0.1705
2642 0.1549
2643 0.1375
2644 0.1184
2645 0.0751
2646 0.0509
2647 0.0252
2648 -0.0303
2649 -0.0601
2650 -0.0912
2651 -0.1234
2652 -0.1913
2653 -0.227
2654 -0.2638
2655 -0.3391
2656 -0.3755
2657 -0.4009
2658 -0.4139
2659 -0.4168
2660 -0.3824
2661 -0.353
2662 -0.3228
2663 -0.2938
2664 -0.2662
2665 -0.2149
2666 -0.1913
2667 -0.1691
2668 -0.13
2669 -0.1127
2670 -0.0971
2671 -0.0831
2672 -0.0599
2673 -0.0506
2674 -0.0429
2675 -0.0326
2676 -0.0299
2677 -0.0287
2678 -0.0312
2679 -0.0349
2680 -0.04
2681 -0.0466
2682 -0.0644
2683 -0.0754
2684 -0.0878
2685 -0.1165
2686 -0.1329
2687 -0.1505
2688 -0.1691
2689 -0.21
2690 -0.2322
2691 -0.2797
2692 -0.3048
2693 -0.3309
2694 -0.3576
2695 -0.4133
2696 -0.4423
2697 -0.472
2698 -0.5021
2699 -0.5637
2700 -0.5953
2701 -0.6273
2702 -0.6593
2703 -0.7567
2704 -0.7567
2705 -0.8225
2706 -0.8861
2707 -0.9177
2708 -0.9487
2709 -0.9769
2710 -1.0066
2711 -0.9997
2712 -0.9811
2713 -0.9136
2714 -0.8755
2715 -0.8374
2716 -0.7998
2717 -0.7258
2718 -0.6893
2719 -0.6532
2720 -0.5839
2721 -0.5503
2722 -0.5174
2723 -0.4549
2724 -0.4251
2725 -0.3961
2726 -0.3418
2727 -0.3163
2728 -0.2918
2729 -0.2468
2730 -0.226
2731 -0.2064
2732 -0.1882
2733 -0.1553
2734 -0.1405
2735 -0.127
2736 -0.1148
2737 -0.0941
2738 -0.0856
2739 -0.0782
2740 -0.0675
2741 -0.064
2742 -0.0617
2743 -0.0608
2744 -0.0646
2745 -0.0683
2746 -0.0731
2747 -0.079
2748 -0.0939
2749 -0.103
2750 -0.113
2751 -0.124
2752 -0.1488
2753 -0.1625
2754 -0.1927
2755 -0.2089
2756 -0.2258
2757 -0.2583
2758 -0.2765
2759 -0.27
2760 -0.2583
2761 -0.2147
2762 -0.1933
2763 -0.1727
2764 -0.1352
2765 -0.1182
2766 -0.1021
2767 -0.0739
2768 -0.0616
2769 -0.0503
2770 -0.0404
2771 -0.0316
2772 -0.0174
2773 -0.0121
2774 -0.0079
2775 -0.0031
2776 -0.0025
2777 -0.0031
2778 -0.0047
2779 -0.0114
2780 -0.0164
2781 -0.0225
2782 -0.0296
2783 -0.0469
2784 -0.057
2785 -0.0682
2786 -0.0796
2787 -0.0797
2788 -0.0641
2789 -0.0437
2790 -0.0242
2791 0.0113
2792 0.0273
2793 0.0421
2794 0.0672
2795 0.0777
2796 0.087
2797 0.0948
2798 0.1013
2799 0.1103
2800 0.1128
2801 0.1141
2802 0.114
2803 0.1099
2804 0.1059
2805 0.1007
2806 0.0942
2807 0.0777
2808 0.0676
2809 0.0564
2810 0.0441
2811 0.0184
2812 0.0132
2813 0.0094
2814 0.0141
2815 0.0151
2816 0.015
2817 0.0138
2818 0.0115
2819 0.0081
2820 -0.0019
2821 -0.0085
2822 -0.0162
2823 -0.0248
2824 -0.0451
2825 -0.0567
2826 -0.0692
2827 -0.0967
2828 -0.1117
2829 -0.1443
2830 -0.1443
2831 -0.1799
2832 -0.1987
2833 -0.2183
2834 -0.2596
2835 -0.2543
2836 -0.2437
2837 -0.2384
2838 -0.2339
2839 -0.227
2840 -0.2247
2841 -0.223
2842 -0.222
2843 -0.2226
2844 -0.2239
2845 -0.2319
2846 -0.2319
2847 -0.2407
2848 -0.2461
2849 -0.2521
2850 -0.2659
2851 -0.2737
2852 -0.282
2853 -0.3002
2854 -0.3101
2855 -0.3205
2856 -0.3312
2857 -0.354
2858 -0.3661
2859 -0.3785
2860 -0.4042
2861 -0.4174
2862 -0.431
2863 -0.4446
2864 -0.4726
2865 -0.4869
2866 -0.5178
2867 -0.5178
2868 -0.4974
2869 -0.4904
2870 -0.4835
2871 -0.4769
2872 -0.4642
2873 -0.4582
2874 -0.4467
2875 -0.4413
2876 -0.4362
2877 -0.4268
2878 -0.4225
2879 -0.4146
2880 -0.4086
2881 -0.4027
2882 -0.3748
2883 -0.3496
2884 -0.2976
2885 -0.2722
2886 -0.2474
2887 -0.2004
2888 -0.1565
2889 -0.1357
2890 -0.0972
2891 -0.0796
2892 -0.0628
2893 -0.0472
2894 -0.0187
2895 -0.0059
2896 0.0059
2897 0.0262
2898 0.0348
2899 0.0424
2900 0.0541
2901 0.0584
2902 0.064
2903 -0.0327
