0 0.7598
1 0.7598
2 0.7598
3 0.7598
4 0.7598
5 0.7598
6 0.7598
7 0.7598
8 0.7598
9 0.7598
10 0.7599
11 0.7598
12 0.7596
13 0.7595
14 0.7591
15 0.7589
16 0.7586
17 0.758
18 0.7576
19 0.7573
20 0.7562
21 0.7557
22 0.7553
23 0.7543
24 0.7533
25 0.7528
26 0.7522
27 0.7516
28 0.751
29 0.7496
30 0.7489
31 0.7482
32 0.7466
33 0.7458
34 0.7449
35 0.7431
36 0.7421
37 0.7412
38 0.7401
39 0.738
40 0.7369
41 0.7358
42 0.7346
43 0.7334
44 0.7308
45 0.7295
46 0.7282
47 0.7267
48 0.7237
49 0.719
50 0.7173
51 0.7156
52 0.7119
53 0.71
54 0.7059
55 0.7038
56 0.7016
57 0.6993
58 0.6945
59 0.6921
60 0.6895
61 0.6841
62 0.6813
63 0.6754
64 0.6724
65 0.6692
66 0.6626
67 0.6591
68 0.6519
69 0.6481
70 0.6442
71 0.636
72 0.6318
73 0.6275
74 0.6185
75 0.6138
76 0.609
77 0.6041
78 0.5939
79 0.5886
80 0.5777
81 0.5721
82 0.5663
83 0.5604
84 0.5483
85 0.5421
86 0.5291
87 0.5157
88 0.5087
89 0.5017
90 0.4945
91 0.4798
92 0.4723
93 0.4646
94 0.4568
95 0.4408
96 0.4326
97 0.4243
98 0.4158
99 0.3985
100 0.3897
101 0.3808
102 0.3717
103 0.3532
104 0.3437
105 0.3342
106 0.3245
107 0.3147
108 0.2949
109 0.2745
110 0.2745
111 0.2541
112 0.2442
113 0.2345
114 0.2253
115 0.209
116 0.2026
117 0.1978
118 0.1953
119 0.1849
120 0.1713
121 0.1582
122 0.1455
123 0.1104
124 0.0996
125 0.0892
126 0.0698
127 0.0606
128 0.0518
129 0.0433
130 0.0268
131 0.0187
132 0.0107
133 0.0026
134 -0.0054
135 -0.0213
136 -0.0293
137 -0.0372
138 -0.053
139 -0.0608
140 -0.0686
141 -0.0763
142 -0.0916
143 -0.0991
144 -0.1066
145 -0.1502
146 -0.1573
147 -0.1643
148 -0.1779
149 -0.1844
150 -0.1908
151 -0.2032
152 -0.2091
153 -0.2149
154 -0.226
155 -0.2364
156 -0.2461
157 -0.2551
158 -0.2593
159 -0.2634
160 -0.2707
161 -0.2741
162 -0.2772
163 -0.2801
164 -0.2851
165 -0.2873
166 -0.2892
167 -0.2909
168 -0.2935
169 -0.2944
170 -0.2951
171 -0.2955
172 -0.2955
173 -0.2951
174 -0.2944
175 -0.2924
176 -0.291
177 -0.2873
178 -0.285
179 -0.2826
180 -0.2767
181 -0.2734
182 -0.266
183 -0.2576
184 -0.248
185 -0.248
186 -0.2428
187 -0.232
188 -0.2261
189 -0.22
190 -0.2071
191 -0.2003
192 -0.1933
193 -0.1862
194 -0.1632
195 -0.147
196 -0.1297
197 -0.1119
198 -0.1027
199 -0.0933
200 -0.0839
201 -0.0648
202 -0.0551
203 -0.0454
204 -0.0256
205 -0.0157
206 -0.0057
207 0.0144
208 0.0244
209 0.0345
210 0.0446
211 0.0645
212 0.0744
213 0.0844
214 0.0941
215 0.1133
216 0.1229
217 0.1506
218 0.1598
219 0.1686
220 0.1857
221 0.1941
222 0.2021
223 0.2175
224 0.2249
225 0.2387
226 0.2452
227 0.2631
228 0.2685
229 0.2736
230 0.2783
231 0.2826
232 0.2901
233 0.2934
234 0.2962
235 0.2987
236 0.3007
237 0.3037
238 0.3046
239 0.305
240 0.3051
241 0.304
242 0.3028
243 0.3013
244 0.2969
245 0.291
246 0.2873
247 0.2833
248 0.2742
249 0.269
250 0.2575
251 0.2512
252 0.2445
253 0.2302
254 0.2226
255 0.2063
256 0.1976
257 0.189
258 0.1723
259 0.1642
260 0.1566
261 0.1492
262 0.1353
263 0.1289
264 0.1171
265 0.1117
266 0.1021
267 0.0979
268 0.0897
269 0.0854
270 0.0767
271 0.0723
272 0.063
273 0.0583
274 0.0536
275 0.044
276 0.0391
277 0.0343
278 0.0294
279 0.0246
280 0.015
281 0.0101
282 0.0054
283 -0.0039
284 -0.0085
285 -0.0175
286 -0.0218
287 -0.0261
288 -0.0302
289 -0.0381
290 -0.0419
291 -0.0454
292 -0.0522
293 -0.0553
294 -0.061
295 -0.0636
296 -0.066
297 -0.0681
298 -0.0718
299 -0.0734
300 -0.0747
301 -0.0758
302 -0.0772
303 -0.0775
304 -0.0776
305 -0.0772
306 -0.0758
307 -0.0746
308 -0.0717
309 -0.0717
310 -0.0678
311 -0.0656
312 -0.063
313 -0.0572
314 -0.0505
315 -0.0469
316 -0.043
317 -0.0347
318 -0.0303
319 -0.0209
320 -0.0159
321 -0.0109
322 -0.0003
323 0.0052
324 0.0107
325 0.0221
326 0.0279
327 0.0337
328 0.0455
329 0.0514
330 0.0573
331 0.0691
332 0.0807
333 0.0864
334 0.092
335 0.103
336 0.1083
337 0.1134
338 0.1231
339 0.1278
340 0.1365
341 0.1443
342 0.1443
343 0.1511
344 0.154
345 0.1568
346 0.1591
347 0.1631
348 0.1646
349 0.1657
350 0.1671
351 0.1673
352 0.1667
353 0.1658
354 0.1646
355 0.1635
356 0.1628
357 0.1625
358 0.1628
359 0.1668
360 0.1665
361 0.1696
362 0.1725
363 0.1799
364 0.1833
365 0.1864
366 0.1913
367 0.1931
368 0.1945
369 0.1955
370 0.1962
371 0.1958
372 0.195
373 0.192
374 0.1899
375 0.1872
376 0.1806
377 0.1767
378 0.1674
379 0.1621
380 0.1564
381 0.1438
382 0.1369
383 0.1297
384 0.1142
385 0.106
386 0.0975
387 0.0887
388 0.0797
389 0.061
390 0.0514
391 0.0417
392 0.0317
393 0.0117
394 0.0017
395 -0.0186
396 -0.0288
397 -0.0488
398 -0.0586
399 -0.0684
400 -0.0871
401 -0.0961
402 -0.1048
403 -0.1132
404 -0.1288
405 -0.1361
406 -0.1429
407 -0.1493
408 -0.1605
409 -0.1653
410 -0.1696
411 -0.1764
412 -0.1789
413 -0.1808
414 -0.1826
415 -0.1819
416 -0.1784
417 -0.1757
418 -0.1681
419 -0.1578
420 -0.1578
421 -0.1448
422 -0.1373
423 -0.1205
424 -0.1111
425 -0.0907
426 -0.0796
427 -0.068
428 -0.0434
429 -0.0302
430 -0.0037
431 0.0199
432 0.0585
433 0.08
434 0.1029
435 0.152
436 0.1775
437 0.2028
438 0.2526
439 0.277
440 0.3243
441 0.3471
442 0.3691
443 0.4105
444 0.4298
445 0.4481
446 0.4809
447 0.4955
448 0.5087
449 0.5308
450 0.5468
451 0.5525
452 0.5565
453 0.5588
454 0.5581
455 0.5551
456 0.5503
457 0.5437
458 0.525
459 0.5129
460 0.4991
461 0.4661
462 0.4262
463 0.4037
464 0.3538
465 0.3266
466 0.2979
467 0.2368
468 0.2044
469 0.1363
470 0.1008
471 0.0273
472 -0.0103
473 -0.0485
474 -0.0868
475 -0.1635
476 -0.24
477 -0.2781
478 -0.3156
479 -0.4234
480 -0.4576
481 -0.5229
482 -0.5535
483 -0.5824
484 -0.6347
485 -0.6791
486 -0.7151
487 -0.7297
488 -0.7418
489 -0.7512
490 -0.7617
491 -0.761
492 -0.7564
493 -0.7384
494 -0.725
495 -0.689
496 -0.6653
497 -0.6056
498 -0.5697
499 -0.5308
500 -0.4402
501 -0.39
502 -0.2804
503 -0.2222
504 -0.1621
505 -0.0376
506 0.0267
507 0.092
508 0.2246
509 0.3589
510 0.4265
511 0.4936
512 0.56
513 0.6892
514 0.7519
515 0.8128
516 0.9282
517 0.9824
518 1.0339
519 1.1276
520 1.2081
521 1.2431
522 1.2742
523 1.3234
524 1.3414
525 1.3548
526 1.3633
527 1.3657
528 1.3594
529 1.3318
530 1.3104
531 1.2525
532 1.216
533 1.1747
534 1.0779
535 0.9627
536 0.8983
537 0.8298
538 0.6817
539 0.6022
540 0.5194
541 0.4338
542 0.2552
543 0.1623
544 0.0676
545 -0.0285
546 -0.2234
547 -0.322
548 -0.4208
549 -0.5192
550 -0.7135
551 -0.809
552 -0.9029
553 -1.0837
554 -1.254
555 -1.3347
556 -1.5544
557 -1.6194
558 -1.7351
559 -1.7849
560 -1.8288
561 -1.8665
562 -1.9222
563 -1.94
564 -1.9509
565 -1.9512
566 -1.9227
567 -1.865
568 -1.8253
569 -1.7235
570 -1.2178
571 -0.855
572 -0.5812
573 -0.4375
574 -0.2908
575 -0.1416
576 0.1625
577 0.3169
578 0.6283
579 0.9406
580 1.0964
581 1.2512
582 1.5562
583 1.8533
584 1.998
585 2.4105
586 2.5397
587 2.664
588 2.8974
589 3.006
590 3.1086
591 3.2881
592 3.3658
593 3.5978
594 3.6709
595 3.6974
596 3.7166
597 3.7357
598 3.7284
599 3.715
600 3.6953
601 3.6372
602 3.5982
603 3.4963
604 3.4333
605 3.2872
606 3.2046
607 3.1159
608 2.9205
609 2.8134
610 2.7014
611 2.5827
612 2.3293
613 2.1946
614 2.0538
615 1.9083
616 1.6011
617 1.274
618 1.1031
619 0.5712
620 0.2007
621 -0.1797
622 -0.3728
623 -0.5662
624 -0.7604
625 -1.1482
626 -1.3414
627 -1.5346
628 -1.7265
629 -2.1965
630 -2.3807
631 -2.562
632 -2.7421
633 -3.0941
634 -3.2638
635 -3.4288
636 -3.5861
637 -3.8844
638 -4.0273
639 -4.1673
640 -4.7141
641 -4.7452
642 -4.7934
643 -4.8587
644 -4.9411
645 -5.1516
646 -5.2575
647 -5.3571
648 -5.5337
649 -5.612
650 -5.6876
651 -5.7571
652 -5.8862
653 -5.946
654 -6.0031
655 -6.1076
656 -6.1551
657 -6.752
658 -6.7652
659 -6.7953
660 -6.8185
661 -6.8404
662 -6.879
663 -6.8963
664 -6.9123
665 -6.9417
666 -6.9682
667 -7.0348
668 -7.0675
669 -7.1358
670 -7.1722
671 -7.2506
672 -7.3291
673 -7.3665
674 -7.4037
675 -7.478
676 -7.5099
677 -7.539
678 -7.5918
679 -7.615
680 -7.6362
681 -7.6897
682 -7.7189
683 -7.7318
684 -7.7531
685 -7.761
686 -7.7735
687 -7.78
688 -7.7814
689 -7.7815
