0 0.7598
1 0.7598
2 0.7598
3 0.7598
4 0.7598
5 0.7598
6 0.7598
7 0.7598
8 0.7598
9 0.7597
10 0.7595
11 0.7594
12 0.7593
13 0.7591
14 0.759
15 0.7588
16 0.7587
17 0.7585
18 0.7582
19 0.7581
20 0.7579
21 0.7577
22 0.7574
23 0.7572
24 0.757
25 0.7565
26 0.7563
27 0.756
28 0.7558
29 0.7553
30 0.755
31 0.7547
32 0.7543
33 0.7537
34 0.7534
35 0.753
36 0.7523
37 0.7519
38 0.7514
39 0.751
40 0.7501
41 0.7496
42 0.7486
43 0.7481
44 0.7475
45 0.7463
46 0.7457
47 0.7444
48 0.7437
49 0.743
50 0.7416
51 0.7408
52 0.74
53 0.7392
54 0.7375
55 0.7375
56 0.7357
57 0.7347
58 0.7338
59 0.7318
60 0.7307
61 0.7285
62 0.7274
63 0.7262
64 0.7251
65 0.7238
66 0.7213
67 0.72
68 0.7173
69 0.7159
70 0.7145
71 0.7115
72 0.7085
73 0.7053
74 0.7036
75 0.7019
76 0.6985
77 0.6967
78 0.693
79 0.6911
80 0.6872
81 0.6852
82 0.6831
83 0.679
84 0.6746
85 0.6724
86 0.6701
87 0.6678
88 0.663
89 0.6606
90 0.6581
91 0.6556
92 0.6504
93 0.6478
94 0.6451
95 0.6424
96 0.6368
97 0.6339
98 0.6285
99 0.6261
100 0.624
101 0.6222
102 0.6209
103 0.62
104 0.6201
105 0.6214
106 0.6237
107 0.616
108 0.6111
109 0.6091
110 0.6074
111 0.606
112 0.6039
113 0.6009
114 0.6006
115 0.6005
116 0.6002
117 0.6001
118 0.5996
119 0.5985
120 0.5981
121 0.5976
122 0.5971
123 0.5965
124 0.5952
125 0.5938
126 0.593
127 0.5922
128 0.5895
129 0.5885
130 0.5874
131 0.5863
132 0.584
133 0.5827
134 0.5814
135 0.5801
136 0.5773
137 0.5758
138 0.5742
139 0.5726
140 0.5693
141 0.5676
142 0.5639
143 0.56
144 0.558
145 0.556
146 0.5539
147 0.5495
148 0.5472
149 0.5449
150 0.5401
151 0.5351
152 0.5325
153 0.5299
154 0.5245
155 0.5188
156 0.516
157 0.5101
158 0.5071
159 0.5039
160 0.5009
161 0.4945
162 0.4911
163 0.4879
164 0.4811
165 0.4776
166 0.4741
167 0.4705
168 0.4669
169 0.4595
170 0.4557
171 0.4519
172 0.448
173 0.4401
174 0.4361
175 0.4279
176 0.4237
177 0.4195
178 0.4153
179 0.4067
180 0.4023
181 0.3979
182 0.3934
183 0.3844
184 0.3752
185 0.3706
186 0.3659
187 0.3519
188 0.3472
189 0.3424
190 0.3377
191 0.3281
192 0.3232
193 0.3134
194 0.3036
195 0.2986
196 0.2887
197 0.2837
198 0.2787
199 0.2688
200 0.2588
201 0.2487
202 0.2436
203 0.2385
204 0.2285
205 0.2235
206 0.2185
207 0.2135
208 0.2034
209 0.1984
210 0.1934
211 0.1884
212 0.1784
213 0.1734
214 0.1684
215 0.1635
216 0.1537
217 0.1487
218 0.1438
219 0.139
220 0.1245
221 0.1198
222 0.1103
223 0.1057
224 0.0965
225 0.092
226 0.083
227 0.0786
228 0.0742
229 0.0699
230 0.0615
231 0.0573
232 0.0531
233 0.0491
234 0.0411
235 0.0372
236 0.0333
237 0.0296
238 0.0221
239 0.0185
240 0.0115
241 0.0049
242 0.0023
243 -0.0006
244 -0.0027
245 -0.0034
246 -0.004
247 -0.0046
248 0.0033
249 0.0052
250 0.0081
251 0.0118
252 0.016
253 0.0258
254 0.031
255 0.0414
256 0.0465
257 0.057
258 0.0674
259 0.0727
260 0.0831
261 0.0935
262 0.0986
263 0.1038
264 0.1089
265 0.1141
266 0.1244
267 0.1296
268 0.1348
269 0.1451
270 0.1501
271 0.1603
272 0.1654
273 0.1703
274 0.1802
275 0.1851
276 0.1899
277 0.1995
278 0.2043
279 0.2089
280 0.2181
281 0.2227
282 0.2272
283 0.236
284 0.2403
285 0.2446
286 0.2529
287 0.257
288 0.261
289 0.2688
290 0.2726
291 0.2763
292 0.28
293 0.2871
294 0.2906
295 0.2973
296 0.3006
297 0.3037
298 0.3098
299 0.3127
300 0.3155
301 0.3209
302 0.3234
303 0.3259
304 0.3327
305 0.3348
306 0.3368
307 0.3387
308 0.3422
309 0.3438
310 0.3454
311 0.3482
312 0.3494
313 0.3506
314 0.3526
315 0.3534
316 0.3542
317 0.3555
318 0.3559
319 0.3563
320 0.3566
321 0.3568
322 0.3569
323 0.3569
324 0.3567
325 0.3564
326 0.3556
327 0.3551
328 0.3538
329 0.3529
330 0.3521
331 0.35
332 0.3489
333 0.3463
334 0.3434
335 0.3419
336 0.3402
337 0.3368
338 0.3349
339 0.3316
340 0.3307
341 0.3312
342 0.3326
343 0.3376
344 0.3406
345 0.3445
346 0.3495
347 0.3552
348 0.3734
349 0.3792
350 0.3904
351 0.3956
352 0.4007
353 0.4103
354 0.4148
355 0.4191
356 0.4233
357 0.4272
358 0.4347
359 0.4382
360 0.4446
361 0.4475
362 0.4528
363 0.4552
364 0.4574
365 0.4611
366 0.4627
367 0.4641
368 0.4653
369 0.4671
370 0.4682
371 0.4685
372 0.4685
373 0.4682
374 0.4677
375 0.467
376 0.4662
377 0.464
378 0.4611
379 0.4594
380 0.4554
381 0.4532
382 0.4509
383 0.4457
384 0.4429
385 0.4399
386 0.4335
387 0.4301
388 0.4265
389 0.4191
390 0.4152
391 0.4112
392 0.4028
393 0.3984
394 0.3939
395 0.3847
396 0.3799
397 0.375
398 0.3651
399 0.36
400 0.3548
401 0.3495
402 0.3388
403 0.3333
404 0.3277
405 0.3166
406 0.3109
407 0.2994
408 0.2936
409 0.2877
410 0.2761
411 0.2702
412 0.2644
413 0.2548
414 0.2518
415 0.2501
416 0.2492
417 0.2506
418 0.2564
419 0.2608
420 0.2654
421 0.2744
422 0.2788
423 0.283
424 0.2911
425 0.2949
426 0.2987
427 0.3023
428 0.3058
429 0.3125
430 0.3156
431 0.3187
432 0.3243
433 0.3269
434 0.3294
435 0.3317
436 0.3359
437 0.3379
438 0.3413
439 0.3428
440 0.3454
441 0.3465
442 0.3474
443 0.3489
444 0.3497
445 0.35
446 0.35
447 0.3498
448 0.3495
449 0.349
450 0.3476
451 0.3468
452 0.3458
453 0.3447
454 0.342
455 0.3405
456 0.3389
457 0.3372
458 0.3334
459 0.3313
460 0.3291
461 0.3245
462 0.322
463 0.3194
464 0.3168
465 0.3112
466 0.3083
467 0.3021
468 0.299
469 0.2924
470 0.289
471 0.2855
472 0.282
473 0.2749
474 0.2712
475 0.2675
476 0.26
477 0.2562
478 0.2445
479 0.2445
480 0.2365
481 0.2326
482 0.2286
483 0.2227
484 0.2219
485 0.2229
486 0.2256
487 0.2288
488 0.2332
489 0.245
490 0.2516
491 0.2647
492 0.271
493 0.2834
494 0.2893
495 0.2951
496 0.3007
497 0.3115
498 0.3166
499 0.3265
500 0.3312
501 0.3357
502 0.344
503 0.3479
504 0.3551
505 0.3585
506 0.3616
507 0.3672
508 0.3697
509 0.3741
510 0.376
511 0.3777
512 0.3805
513 0.3815
514 0.3831
515 0.3836
516 0.3839
517 0.383
518 0.3823
519 0.3814
520 0.3803
521 0.3776
522 0.3742
523 0.3722
524 0.3701
525 0.3678
526 0.3653
527 0.36
528 0.357
529 0.3508
530 0.3474
531 0.3403
532 0.3328
533 0.3289
534 0.3248
535 0.3207
536 0.3122
537 0.3033
538 0.2987
539 0.294
540 0.2846
541 0.2798
542 0.275
543 0.2701
544 0.2399
545 0.2241
546 0.2135
547 0.2086
548 0.2046
549 0.2066
550 0.2169
551 0.2215
552 0.2307
553 0.2434
554 0.2721
555 0.2864
556 0.3004
557 0.3141
558 0.3409
559 0.3539
560 0.3793
561 0.3914
562 0.4033
563 0.4258
564 0.4468
565 0.4569
566 0.4665
567 0.4843
568 0.5005
569 0.508
570 0.5151
571 0.5278
572 0.5335
573 0.5388
574 0.5479
575 0.5518
576 0.5553
577 0.5609
578 0.5631
579 0.5661
580 0.5669
581 0.5674
582 0.5669
583 0.5661
584 0.5632
585 0.5612
586 0.5559
587 0.5527
588 0.5491
589 0.5409
590 0.5363
591 0.5261
592 0.5205
593 0.5083
594 0.5018
595 0.4949
596 0.4806
597 0.4731
598 0.4573
599 0.449
600 0.4319
601 0.4231
602 0.4148
603 0.4075
604 0.3963
605 0.3916
606 0.3863
607 0.3849
608 0.3832
609 0.3795
610 0.3774
611 0.3751
612 0.37
613 0.3672
614 0.361
615 0.3577
616 0.3507
617 0.3431
618 0.3349
619 0.3306
620 0.3218
621 0.3127
622 0.308
623 0.3032
624 0.2935
625 0.2885
626 0.2835
627 0.2785
628 0.2682
629 0.2576
630 0.2469
631 0.2415
632 0.2361
633 0.2255
634 0.2202
635 0.2096
636 0.2043
637 0.1991
638 0.1888
639 0.1837
640 0.1737
641 0.1688
642 0.164
643 0.1546
644 0.1501
645 0.1411
646 0.1368
647 0.1326
648 0.1285
649 0.1356
650 -0.1621
651 0.1592
652 0.1668
653 0.2058
654 0.2271
655 0.2698
656 0.2909
657 0.3118
658 0.3524
659 0.3723
660 0.4113
661 0.4301
662 0.4486
663 0.4839
664 0.5008
665 0.5173
666 0.5484
667 0.5632
668 0.5774
669 0.5909
670 0.6163
671 0.6394
672 0.6501
673 0.6693
674 0.6777
675 0.6928
676 0.6992
677 0.7101
678 0.7145
679 0.7183
680 0.7213
681 0.7254
682 0.7265
683 0.7269
684 0.7219
685 0.719
686 0.7112
687 0.7012
688 0.6952
689 0.6888
690 0.6818
691 0.6662
692 0.6577
693 0.6486
694 0.6188
695 0.5968
696 0.5729
697 0.5606
698 0.5479
699 0.5221
700 0.5087
701 0.4675
702 0.4534
703 0.4248
704 0.4105
705 0.396
706 0.3671
707 0.3526
708 0.338
709 0.3091
710 0.2947
711 0.2803
712 0.2526
713 0.2373
714 0.2435
715 0.2655
716 0.2321
717 0.2474
718 0.2626
719 0.2782
720 0.3087
721 0.3237
722 0.3529
723 0.367
724 0.3942
725 0.4073
726 0.4199
727 0.4438
728 0.4551
729 0.4765
730 0.4864
731 0.505
732 0.5134
733 0.5215
734 0.5289
735 0.5424
736 0.5484
737 0.5539
738 0.5632
739 0.567
740 0.5731
741 0.5754
742 0.5771
743 0.5783
744 0.5792
745 0.5789
746 0.5767
747 0.5749
748 0.5726
749 0.5666
750 0.5629
751 0.5563
752 0.5566
753 0.5599
754 0.5746
755 0.5846
756 0.5941
757 0.6114
758 0.6263
759 0.6329
760 0.6439
761 0.6484
762 0.6523
763 0.658
764 0.6599
765 0.6612
766 0.6619
767 0.6613
768 0.6582
769 0.6558
770 0.6528
771 0.6451
772 0.6404
773 0.6351
774 0.6231
775 0.6163
776 0.609
777 0.5932
778 0.5846
779 0.5755
780 0.5563
781 0.5461
782 0.5356
783 0.5136
784 0.5021
785 0.4783
786 0.466
787 0.4592
788 0.4714
789 0.4779
790 0.5059
791 0.525
792 0.545
793 0.5831
794 0.6012
795 0.6188
796 0.6512
797 0.6663
798 0.6806
799 0.6941
800 0.7188
801 0.7301
802 0.7501
803 0.7589
804 0.7668
805 0.7799
806 0.7852
807 0.7897
808 0.7959
809 0.7977
810 0.7987
811 0.7981
812 0.7966
813 0.7943
814 0.7873
815 0.7826
816 0.7772
817 0.7642
818 0.7566
819 0.7483
820 0.7299
821 0.7197
822 0.7089
823 0.6975
824 0.673
825 0.66
826 0.6464
827 0.6324
828 0.6029
829 0.5875
830 0.5554
831 0.5222
832 0.5051
833 0.4879
834 0.4706
835 0.4352
836 0.4173
837 0.3991
838 0.381
839 0.3445
840 0.3261
841 0.2891
842 0.2708
843 0.2342
844 0.2161
845 0.1982
846 0.1632
847 0.146
848 0.1291
849 0.0964
850 0.0814
851 0.0758
852 0.0975
853 0.1518
854 0.0577
855 0.0747
856 0.092
857 0.1105
858 0.1475
859 0.166
860 0.1845
861 0.2027
862 0.2207
863 0.2564
864 0.274
865 0.2914
866 0.3248
867 0.341
868 0.3725
869 0.4021
870 0.4163
871 0.4299
872 0.4428
873 0.4674
874 0.4789
875 0.49
876 0.5102
877 0.5194
878 0.5281
879 0.5435
880 0.5573
881 0.5864
882 0.6122
883 0.6518
884 0.6969
885 0.7421
886 0.8296
887 0.8716
888 0.9123
889 0.9884
890 1.024
891 1.0583
892 1.0906
893 1.1505
894 1.1782
895 1.2042
896 1.2282
897 1.2713
898 1.2903
899 1.3077
900 1.3231
901 1.3368
902 1.359
903 1.3675
904 1.3744
905 1.3825
906 1.384
907 1.3837
908 1.3781
909 1.3728
910 1.3573
911 1.3472
912 1.3223
913 1.3076
914 1.2915
915 1.2741
916 1.2139
917 1.1872
918 1.1939
919 1.1966
920 1.2416
921 1.2638
922 1.3044
923 1.3222
924 1.3384
925 1.3527
926 1.3764
927 1.3857
928 1.3934
929 1.4034
930 1.4059
931 1.4066
932 1.4031
933 1.3929
934 1.3853
935 1.3762
936 1.3656
937 1.3398
938 1.3246
939 1.308
940 1.2709
941 1.2504
942 1.2285
943 1.2125
944 1.2022
945 1.2087
946 1.216
947 1.2222
948 1.2269
949 1.2322
950 1.2328
951 1.232
952 1.2262
953 1.2212
954 1.2149
955 1.2073
956 1.1884
957 1.177
958 1.1644
959 1.1507
960 1.1198
961 1.1026
962 1.0843
963 1.0451
964 1.024
965 1.0019
966 0.9791
967 0.9309
968 0.9055
969 0.8793
970 0.8255
971 0.7977
972 0.7692
973 0.7116
974 0.6821
975 0.622
976 0.5916
977 0.5609
978 0.5303
979 0.4686
980 0.4375
981 0.4063
982 0.3449
983 0.308
984 0.3192
985 0.3684
986 0.4142
987 0.5052
988 0.5052
989 0.55
990 0.6356
991 0.6774
992 0.7183
993 0.7956
994 0.7956
995 0.8681
996 0.9021
997 0.9353
998 0.9668
999 1.0258
1000 1.0532
1001 1.1038
1002 1.1265
1003 1.1674
1004 1.1852
1005 1.2015
1006 1.2284
1007 1.2393
1008 1.2485
1009 1.2616
1010 1.2656
1011 1.2679
1012 1.2686
1013 1.2811
1014 1.2968
1015 1.3196
1016 1.3442
1017 1.3883
1018 1.4076
1019 1.4251
1020 1.4536
1021 1.4741
1022 1.4815
1023 1.49
1024 1.4912
1025 1.4904
1026 1.4877
1027 1.4832
1028 1.4687
1029 1.4587
1030 1.4469
1031 1.4335
1032 1.4184
1033 1.3832
1034 1.3632
1035 1.3416
1036 1.3374
1037 1.327
1038 1.3477
1039 1.3756
1040 1.4422
1041 1.5037
1042 1.5316
1043 1.5571
1044 1.6007
1045 1.6192
1046 1.6355
1047 1.6608
1048 1.67
1049 1.6771
1050 1.6819
1051 1.6849
1052 1.6831
1053 1.6792
1054 1.6732
1055 1.655
1056 1.6428
1057 1.6286
1058 1.5946
1059 1.5531
1060 1.5295
1061 1.4776
1062 1.4493
1063 1.3881
1064 1.3554
1065 1.1709
1066 1.0887
1067 0.9572
1068 0.9131
1069 0.8241
1070 0.78
1071 0.7413
1072 0.6985
1073 0.6882
1074 0.6918
1075 0.7227
1076 0.7381
1077 0.753
1078 0.7802
1079 0.8043
1080 0.8152
1081 0.8251
1082 0.834
1083 0.8493
1084 0.8557
1085 0.8611
1086 0.8656
1087 0.8718
1088 0.8736
1089 0.8743
1090 0.8732
1091 0.8712
1092 0.8644
1093 0.8596
1094 0.8474
1095 0.8399
1096 0.8316
1097 0.8225
1098 0.8019
1099 0.7903
1100 0.778
1101 0.765
1102 0.7369
1103 0.7218
1104 0.706
1105 0.6898
1106 0.6656
1107 0.6615
1108 0.664
1109 0.6708
1110 0.6824
1111 0.6873
1112 0.6914
1113 0.6947
1114 0.6992
1115 0.7004
1116 0.7005
1117 0.6994
1118 0.6977
1119 0.692
1120 0.6881
1121 0.6782
1122 0.6722
1123 0.6656
1124 0.6584
1125 0.6422
1126 0.6235
1127 0.6079
1128 0.6355
1129 0.6309
1130 0.6511
1131 0.7028
1132 0.729
1133 0.7786
1134 0.8016
1135 0.8445
1136 0.8641
1137 0.8824
1138 0.9149
1139 0.9292
1140 0.9422
1141 0.9538
1142 0.9732
1143 0.981
1144 0.9928
1145 0.9966
1146 1.0007
1147 1.0008
1148 0.9997
1149 0.9973
1150 0.9891
1151 0.9833
1152 0.9763
1153 0.9682
1154 0.9488
1155 0.9374
1156 0.9251
1157 0.9118
1158 0.8823
1159 0.8661
1160 0.849
1161 0.8312
1162 0.7932
1163 0.752
1164 0.7303
1165 0.6854
1166 0.6624
1167 0.6388
1168 0.615
1169 0.566
1170 0.5409
1171 0.5155
1172 0.49
1173 0.4411
1174 0.422
1175 0.4149
1176 0.3984
1177 0.397
1178 0.3997
1179 0.4023
1180 0.4046
1181 0.4084
1182 0.4098
1183 0.411
1184 0.4123
1185 0.4126
1186 0.4125
1187 0.4121
1188 0.4104
1189 0.4092
1190 0.4076
1191 0.4035
1192 0.3983
1193 0.3953
1194 0.392
1195 0.3847
1196 0.3806
1197 0.3763
1198 0.3718
1199 0.3621
1200 0.3569
1201 0.3514
1202 0.3458
1203 0.3341
1204 0.3216
1205 0.315
1206 0.3084
1207 0.2961
1208 0.3016
1209 0.3152
1210 0.3435
1211 0.3618
1212 0.3801
1213 0.3979
1214 0.4152
1215 0.4486
1216 0.4646
1217 0.4802
1218 0.5091
1219 0.5226
1220 0.5356
1221 0.5477
1222 0.5702
1223 0.5804
1224 0.59
1225 0.5988
1226 0.6143
1227 0.621
1228 0.627
1229 0.6323
1230 0.6405
1231 0.6436
1232 0.6459
1233 0.6482
1234 0.6483
1235 0.6476
1236 0.6442
1237 0.6379
1238 0.6337
1239 0.6288
1240 0.6173
1241 0.6033
1242 0.5953
1243 0.5868
1244 0.5684
1245 0.5479
1246 0.5369
1247 0.5255
1248 0.5017
1249 0.4893
1250 0.4765
1251 0.4501
1252 0.4365
1253 0.4226
1254 0.4086
1255 0.38
1256 0.3654
1257 0.3506
1258 0.3358
1259 0.3094
1260 0.3055
1261 0.3158
1262 0.306
1263 0.2942
1264 0.2962
1265 0.3007
1266 0.3067
1267 0.3188
1268 0.3245
1269 0.3301
1270 0.3353
1271 0.3451
1272 0.3496
1273 0.3538
1274 0.3577
1275 0.3647
1276 0.3678
1277 0.3706
1278 0.3753
1279 0.3787
1280 0.3799
1281 0.3808
1282 0.3817
1283 0.3816
1284 0.3813
1285 0.3806
1286 0.3784
1287 0.3769
1288 0.375
1289 0.3729
1290 0.3649
1291 0.3582
1292 0.3544
1293 0.3463
1294 0.342
1295 0.3374
1296 0.3277
1297 0.3226
1298 0.3174
1299 0.312
1300 0.3007
1301 0.2948
1302 0.2826
1303 0.2702
1304 0.2638
1305 0.2574
1306 0.251
1307 0.238
1308 0.2314
1309 0.2248
1310 0.2183
1311 0.2052
1312 0.1986
1313 0.1921
1314 0.173
1315 0.1668
1316 0.1607
1317 0.1548
1318 0.1433
1319 0.1376
1320 0.1321
1321 0.1216
1322 0.1166
1323 0.1117
1324 0.107
1325 0.1025
1326 0.094
1327 0.0899
1328 0.0824
1329 0.0789
1330 0.0756
1331 0.0697
1332 0.0646
1333 0.0624
1334 0.1076
1335 0.2206
1336 0.629
1337 0.6956
1338 0.6108
1339 0.4709
1340 0.3759
1341 0.3485
1342 0.336
1343 0.3368
1344 0.3656
1345 0.388
1346 0.4388
1347 0.4649
1348 0.4909
1349 0.5159
1350 0.5641
1351 0.6095
1352 0.6519
1353 0.6519
1354 0.6902
1355 0.7076
1356 0.7243
1357 0.7543
1358 0.7677
1359 0.7914
1360 0.8016
1361 0.8188
1362 0.8257
1363 0.8315
1364 0.8397
1365 0.8421
1366 0.8435
1367 0.843
1368 0.8411
1369 0.8343
1370 0.8294
1371 0.8166
1372 0.8087
1373 0.7903
1374 0.7797
1375 0.756
1376 0.743
1377 0.7292
1378 0.6996
1379 0.6838
1380 0.6674
1381 0.6331
1382 0.5966
1383 0.5775
1384 0.5385
1385 0.4986
1386 0.4575
1387 0.4367
1388 0.3951
1389 0.3743
1390 0.3326
1391 0.3118
1392 0.2703
1393 0.2498
1394 0.2294
1395 0.1896
1396 0.1701
1397 0.1508
1398 0.1319
1399 0.095
1400 0.077
1401 0.042
1402 0.0253
1403 0.0089
1404 -0.022
1405 -0.0367
1406 -0.0646
1407 -0.0776
1408 -0.09
1409 -0.1129
1410 -0.1234
1411 -0.1426
1412 -0.159
1413 -0.1662
1414 -0.1727
1415 -0.1835
1416 -0.1878
1417 -0.1946
1418 -0.1987
1419 -0.1997
1420 -0.1988
1421 -0.1971
1422 -0.1949
1423 -0.1885
1424 -0.1845
1425 -0.1799
1426 -0.1748
1427 -0.1629
1428 -0.1562
1429 -0.1413
1430 -0.1332
1431 -0.1247
1432 -0.1066
1433 -0.097
1434 -0.0766
1435 -0.0661
1436 -0.0552
1437 -0.0328
1438 -0.0214
1439 -0.0097
1440 0.0021
1441 0.0262
1442 0.0509
1443 0.076
1444 0.0886
1445 0.1135
1446 0.1257
1447 0.1502
1448 0.1622
1449 0.1742
1450 0.1859
1451 0.2089
1452 0.2202
1453 0.2422
1454 0.2529
1455 0.2735
1456 0.2928
1457 0.3021
1458 0.3193
1459 0.3273
1460 0.335
1461 0.3423
1462 0.3558
1463 0.3678
1464 0.3732
1465 0.3829
1466 0.387
1467 0.3907
1468 0.394
1469 0.3994
1470 0.4016
1471 0.4033
1472 0.4055
1473 0.406
1474 0.4061
1475 0.4058
1476 0.4041
1477 0.4027
1478 0.4009
1479 0.3988
1480 0.3935
1481 0.3903
1482 0.3869
1483 0.379
1484 0.3747
1485 0.37
1486 0.36
1487 0.3546
1488 0.3431
1489 0.3308
1490 0.3244
1491 0.3043
1492 0.2904
1493 0.2833
1494 0.2691
1495 0.262
1496 0.2549
1497 0.2407
1498 0.2336
1499 0.2194
1500 0.2124
1501 0.2053
1502 0.1916
1503 0.1848
1504 0.1714
1505 0.1649
1506 0.1585
1507 0.1461
1508 0.1401
1509 0.1286
1510 0.123
1511 0.1124
1512 0.1073
1513 0.0978
1514 0.0933
1515 0.089
1516 0.081
1517 0.0774
1518 0.0707
1519 0.0677
1520 0.0649
1521 0.0601
1522 0.058
1523 0.0544
1524 0.0518
1525 0.0509
1526 0.0501
1527 0.0494
1528 0.0493
1529 0.0499
1530 0.0505
1531 0.0512
1532 0.0534
1533 0.0556
1534 0.0615
1535 0.0971
1536 0.129
1537 0.1698
1538 0.2755
1539 0.3399
1540 0.4118
1541 0.4911
1542 0.6716
1543 0.7728
1544 0.1252
1545 0.0721
1546 0.0603
1547 0.0556
1548 0.0512
1549 0.0415
1550 0.0364
1551 0.031
1552 0.0198
1553 0.0082
1554 0.0023
1555 -0.0094
1556 -0.0151
1557 -0.0208
1558 -0.0317
1559 -0.0419
1560 -0.0468
1561 -0.0514
1562 -0.0557
1563 -0.0637
1564 -0.0706
1565 -0.0736
1566 -0.0787
1567 -0.0807
1568 -0.0823
1569 -0.0846
1570 -0.0852
1571 -0.0854
1572 -0.0848
1573 -0.0839
1574 -0.0811
1575 -0.0792
1576 -0.0743
1577 -0.0681
1578 -0.0645
1579 -0.0564
1580 -0.0519
1581 -0.0471
1582 -0.0367
1583 -0.0311
1584 -0.0192
1585 -0.0131
1586 -0.0069
1587 0.0056
1588 0.0129
1589 0.0204
1590 0.0355
1591 0.0431
1592 0.0588
1593 0.0667
1594 0.0829
1595 0.0995
1596 0.1079
1597 0.1163
1598 0.1329
1599 0.1493
1600 0.1575
1601 0.1735
1602 0.1812
1603 0.1897
1604 0.2184
1605 0.2467
1606 0.2727
1607 0.2949
1608 0.3277
1609 0.3942
1610 0.4269
1611 0.4904
1612 0.5208
1613 0.6063
1614 0.6323
1615 0.6574
1616 0.7024
1617 0.7229
1618 0.7423
1619 0.7768
1620 0.7921
1621 0.819
1622 0.8304
1623 0.8405
1624 0.8566
1625 0.8627
1626 0.8711
1627 0.8733
1628 0.8742
1629 0.87
1630 0.8661
1631 0.8549
1632 0.8476
1633 0.8298
1634 0.8193
1635 0.7955
1636 0.7681
1637 0.7531
1638 0.7374
1639 0.704
1640 0.6864
1641 0.6602
1642 0.6546
1643 0.6539
1644 0.6678
1645 0.6884
1646 0.6978
1647 0.7063
1648 0.7207
1649 0.7266
1650 0.7359
1651 0.7416
1652 0.7432
1653 0.7438
1654 0.7424
1655 0.7405
1656 0.7296
1657 0.7244
1658 0.7114
1659 0.6955
1660 0.6864
1661 0.6664
1662 0.6554
1663 0.6437
1664 0.6189
1665 0.6057
1666 0.5775
1667 0.5627
1668 0.5475
1669 0.5161
1670 0.4999
1671 0.4664
1672 0.4492
1673 0.4318
1674 0.3968
1675 0.3791
1676 0.3432
1677 0.3252
1678 0.3074
1679 0.2919
1680 0.2896
1681 0.2953
1682 0.3399
1683 0.3621
1684 0.3842
1685 0.4265
1686 0.4468
1687 0.4667
1688 0.504
1689 0.5218
1690 0.5553
1691 0.5709
1692 0.5857
1693 0.6128
1694 0.6251
1695 0.6473
1696 0.657
1697 0.6768
1698 0.7288
1699 0.8192
1700 0.8904
1701 0.9604
1702 1.0284
1703 1.1589
1704 1.2212
1705 1.3395
1706 1.3946
1707 1.4474
1708 1.5436
1709 1.5875
1710 1.6674
1711 1.7028
1712 1.7355
1713 1.7911
1714 1.8144
1715 1.8523
1716 1.8667
1717 1.8867
1718 1.8922
1719 1.8947
1720 1.8856
1721 1.8768
1722 1.8654
1723 1.9278
1724 1.8952
1725 1.9247
1726 1.9759
1727 2.0264
1728 2.1184
1729 2.1597
1730 2.1976
1731 2.2614
1732 2.3108
1733 2.3302
1734 2.3457
1735 2.3653
1736 2.3697
1737 2.3705
1738 2.3679
1739 2.3523
1740 2.3395
1741 2.1832
1742 2.4438
1743 2.4601
1744 2.5277
1745 2.6765
1746 2.7446
1747 2.8085
1748 2.8672
1749 2.9711
1750 3.0163
1751 3.093
1752 3.1236
1753 3.1495
1754 3.1858
1755 3.1967
1756 3.2028
1757 3.2003
1758 3.192
1759 3.1792
1760 3.1619
1761 3.1141
1762 3.0838
1763 3.0492
1764 2.9687
1765 2.9227
1766 2.8248
1767 2.7518
1768 2.739
1769 2.7329
1770 2.7405
1771 2.7394
1772 2.7348
1773 2.7167
1774 2.703
1775 2.6856
1776 2.6403
1777 2.6123
1778 2.5461
1779 2.5082
1780 2.4229
1781 2.376
1782 2.2735
1783 2.2186
1784 2.161
1785 2.1016
1786 1.9758
1787 1.9201
1788 1.8414
1789 1.819
1790 1.7983
1791 1.7868
1792 1.7734
1793 1.7406
1794 1.7212
1795 1.6998
1796 1.6516
1797 1.6248
1798 1.5657
1799 1.5338
1800 1.5001
1801 1.4652
1802 1.3515
1803 1.3107
1804 1.2685
1805 1.183
1806 1.1391
1807 1.0484
1808 1.0022
1809 0.9552
1810 0.8607
1811 0.8129
1812 0.7265
1813 0.7025
1814 0.6972
1815 0.7252
1816 0.7434
1817 0.7786
1818 0.7951
1819 0.8108
1820 0.8392
1821 0.852
1822 0.8748
1823 0.8847
1824 0.9015
1825 0.9083
1826 0.9141
1827 0.9187
1828 0.9249
1829 0.9264
1830 0.9261
1831 0.9244
1832 0.9177
1833 0.9128
1834 0.9068
1835 0.8919
1836 0.883
1837 0.8731
1838 0.8519
1839 0.8381
1840 0.8345
1841 0.8277
1842 0.823
1843 0.8175
1844 0.804
1845 0.7959
1846 0.7773
1847 0.7668
1848 0.7555
1849 0.7309
1850 0.7175
1851 0.7034
1852 0.6888
1853 0.6736
1854 0.6413
1855 0.6243
1856 0.6068
1857 0.5706
1858 0.5519
1859 0.5328
1860 0.4941
1861 0.4743
1862 0.4543
1863 0.4141
1864 0.3938
1865 0.3734
1866 0.3673
1867 0.4128
1868 0.3944
1869 0.4065
1870 0.4223
1871 0.4399
1872 0.4574
1873 0.4911
1874 0.5071
1875 0.5377
1876 0.5653
1877 0.5781
1878 0.5901
1879 0.6012
1880 0.6214
1881 0.6303
1882 0.6386
1883 0.6459
1884 0.6584
1885 0.6635
1886 0.6678
1887 0.6712
1888 0.6758
1889 0.6769
1890 0.6772
1891 0.6767
1892 0.6735
1893 0.6707
1894 0.6672
1895 0.663
1896 0.6523
1897 0.646
1898 0.6389
1899 0.6229
1900 0.614
1901 0.6044
1902 0.5944
1903 0.5837
1904 0.5608
1905 0.5486
1906 0.5359
1907 0.5228
1908 0.4953
1909 0.4809
1910 0.4662
1911 0.4512
1912 0.4204
1913 0.4046
1914 0.3721
1915 0.3558
1916 0.3225
1917 0.2892
1918 0.2726
1919 0.2561
1920 0.2236
1921 0.2076
1922 0.1916
1923 0.176
1924 0.1452
1925 0.1151
1926 0.1003
1927 0.086
1928 0.072
1929 0.0584
1930 0.0322
1931 0.0195
1932 0.0072
1933 -0.0158
1934 -0.0266
1935 -0.037
1936 -0.0469
1937 -0.0563
1938 -0.0737
1939 -0.0817
1940 -0.0892
1941 -0.0962
1942 -0.1086
1943 -0.114
1944 -0.1189
1945 -0.1232
1946 -0.1304
1947 -0.1331
1948 -0.1361
1949 -0.15
1950 -0.1655
1951 -0.1466
1952 -0.1355
1953 -0.1202
1954 -0.1147
1955 -0.1088
1956 -0.1025
1957 -0.0887
1958 -0.0812
1959 -0.0733
1960 -0.0652
1961 -0.0478
1962 -0.0386
1963 -0.0291
1964 -0.0194
1965 0.0007
1966 0.0111
1967 0.0217
1968 0.0324
1969 0.0543
1970 0.0654
1971 0.0766
1972 0.099
1973 0.1103
1974 0.1215
1975 0.1327
1976 0.1549
1977 0.1659
1978 0.1769
1979 0.1877
1980 0.209
1981 0.209
1982 0.2297
1983 0.2398
1984 0.2498
1985 0.2594
1986 0.2689
1987 0.2872
1988 0.2959
1989 0.3045
1990 0.3127
1991 0.3282
1992 0.3355
1993 0.3492
1994 0.3555
1995 0.3615
1996 0.3722
1997 0.377
1998 0.3855
1999 0.3891
2000 0.3924
2001 0.3952
2002 0.3998
2003 0.4015
2004 0.4028
2005 0.4043
2006 0.4044
2007 0.4042
2008 0.4036
2009 0.4012
2010 0.3975
2011 0.3951
2012 0.3921
2013 0.3881
2014 -0.4005
2015 0.307
2016 0.2564
2017 0.2083
2018 0.1585
2019 0.06
2020 0.0113
2021 -0.0368
2022 -0.1294
2023 -0.1742
2024 -0.2614
2025 -0.303
2026 -0.3436
2027 -0.3826
2028 -0.4204
2029 -0.4922
2030 -0.5262
2031 -0.5588
2032 -0.6186
2033 -0.646
2034 -0.672
2035 -0.7181
2036 -0.7411
2037 -0.7868
2038 -0.8356
2039 -0.9956
2040 -1.0736
2041 -1.1495
2042 -1.2217
2043 -1.2912
2044 -1.4217
2045 -1.4825
2046 -1.5403
2047 -1.5941
2048 -1.6923
2049 -1.7364
2050 -1.8406
2051 -1.8524
2052 -1.8862
2053 -1.9157
2054 -1.9647
2055 -1.9839
2056 -1.9997
2057 -2.0115
2058 -2.0199
2059 -2.0247
2060 -2.024
2061 -2.0095
2062 -2.0095
2063 -1.9816
2064 -1.9628
2065 -1.9154
2066 -1.8871
2067 -1.8602
2068 -1.8542
2069 -1.8981
2070 -1.9439
2071 -2.0584
2072 -2.1107
2073 -2.1594
2074 -2.2431
2075 -2.2787
2076 -2.3379
2077 -2.361
2078 -2.3828
2079 -2.4
2080 -2.4128
2081 -2.4259
2082 -2.4261
2083 -2.4222
2084 -2.4142
2085 -2.4021
2086 -2.3862
2087 -2.3703
2088 -2.2737
2089 -2.3932
2090 -2.5435
2091 -2.5435
2092 -2.6006
2093 -2.6976
2094 -2.7391
2095 -2.7759
2096 -2.8073
2097 -2.8558
2098 -2.8728
2099 -2.8851
2100 -2.8944
2101 -2.8917
2102 -2.8843
2103 -2.8722
2104 -2.8555
2105 -2.8344
2106 -2.779
2107 -2.7448
2108 -2.6222
2109 -2.606
2110 -2.5727
2111 -2.5701
2112 -2.6036
2113 -2.6321
2114 -2.6777
2115 -2.6941
2116 -2.7062
2117 -2.7165
2118 -2.7151
2119 -2.6995
2120 -2.6853
2121 -2.667
2122 -2.6447
2123 -2.5885
2124 -2.5546
2125 -2.5169
2126 -2.4316
2127 -2.3837
2128 -2.3325
2129 -2.2785
2130 -2.1613
2131 -2.0982
2132 -2.0323
2133 -1.8943
2134 -1.7477
2135 -1.6793
2136 -1.5667
2137 -1.5249
2138 -1.484
2139 -1.3988
2140 -1.354
2141 -1.3075
2142 -1.2112
2143 -1.1611
2144 -1.057
2145 -0.9495
2146 -0.8944
2147 -0.8389
2148 -0.7273
2149 -0.6709
2150 -0.5564
2151 -0.499
2152 -0.3835
2153 -0.326
2154 -0.2685
2155 -0.1556
2156 -0.1075
2157 -0.0716
2158 -0.031
2159 -0.0136
2160 0.02
2161 0.0519
2162 0.0826
2163 0.0974
2164 0.1118
2165 0.1392
2166 0.1523
2167 0.1652
2168 0.1895
2169 0.201
2170 0.2123
2171 0.2333
2172 0.2529
2173 0.2621
2174 0.2708
2175 0.2869
2176 0.2915
2177 0.2776
2178 0.243
2179 0.2305
2180 0.2178
2181 0.2053
2182 0.18
2183 0.1672
2184 0.1545
2185 0.1294
2186 0.117
2187 0.0925
2188 0.0806
2189 0.0573
2190 0.046
2191 0.035
2192 0.014
2193 0.004
2194 -0.0057
2195 -0.0149
2196 -0.0324
2197 -0.0406
2198 -0.0559
2199 -0.0693
2200 -0.0754
2201 -0.0809
2202 -0.0859
2203 -0.0947
2204 -0.0983
2205 -0.1044
2206 -0.1066
2207 -0.1098
2208 -0.1107
2209 -0.1111
2210 -0.1105
2211 -0.1095
2212 -0.108
2213 -0.1062
2214 -0.098
2215 -0.0948
2216 -0.092
2217 -0.0891
2218 -0.0827
2219 -0.0798
2220 -0.0766
2221 -0.0692
2222 -0.065
2223 -0.0555
2224 -0.0504
2225 -0.0449
2226 -0.0331
2227 -0.0269
2228 -0.0203
2229 -0.0067
2230 0.0004
2231 0.0078
2232 0.0229
2233 0.0306
2234 0.0386
2235 0.0546
2236 0.0711
2237 0.0794
2238 0.0878
2239 0.0962
2240 0.113
2241 0.1214
2242 0.1299
2243 0.1465
2244 0.1548
2245 0.163
2246 0.179
2247 0.1945
2248 0.2022
2249 0.2096
2250 0.2307
2251 0.2373
2252 0.2438
2253 0.2563
2254 0.2699
2255 0.3037
2256 0.3163
2257 0.3328
2258 0.3739
2259 0.3948
2260 0.4354
2261 0.4547
2262 0.4734
2263 0.5082
2264 0.5246
2265 0.5552
2266 0.5692
2267 0.595
2268 0.6066
2269 0.6274
2270 0.6365
2271 0.6447
2272 0.6583
2273 0.6639
2274 0.6723
2275 0.6752
2276 0.6773
2277 0.6785
2278 0.6783
2279 0.677
2280 0.6749
2281 0.672
2282 0.6639
2283 0.6587
2284 0.6527
2285 0.646
2286 0.6219
2287 0.6024
2288 0.5916
2289 0.5688
2290 0.5568
2291 0.5442
2292 0.5312
2293 0.5178
2294 0.4897
2295 0.4751
2296 0.46
2297 0.4294
2298 0.4138
2299 0.3979
2300 0.3819
2301 0.3657
2302 0.3329
2303 0.3163
2304 0.2828
2305 0.2496
2306 0.233
2307 0.2167
2308 0.2006
2309 0.1846
2310 0.1531
2311 0.1376
2312 0.1223
2313 0.0928
2314 0.0785
2315 0.0645
2316 0.0509
2317 0.0394
2318 0.0736
2319 0.1372
2320 0.0513
2321 0.0791
2322 0.1532
2323 0.191
2324 0.2287
2325 0.3019
2326 0.3377
2327 0.3731
2328 0.4407
2329 0.4734
2330 0.5053
2331 0.5657
2332 0.5944
2333 0.6222
2334 0.6488
2335 0.6988
2336 0.7223
2337 0.7447
2338 0.7853
2339 0.8037
2340 0.8209
2341 0.8367
2342 0.8645
2343 0.8873
2344 0.8967
2345 0.9047
2346 0.9165
2347 0.9217
2348 0.943
2349 1.0081
2350 1.0569
2351 1.1129
2352 1.1702
2353 1.279
2354 1.3304
2355 1.3797
2356 1.426
2357 1.47
2358 1.5116
2359 1.5876
2360 1.6537
2361 1.7097
2362 1.7333
2363 1.754
2364 1.7861
2365 1.798
2366 1.8072
2367 1.8135
2368 1.8181
2369 1.8164
2370 1.8052
2371 1.7957
2372 1.7691
2373 1.7521
2374 1.7328
2375 1.6876
2376 1.6617
2377 1.6336
2378 1.5719
2379 1.5383
2380 1.4652
2381 1.4264
2382 1.3858
2383 1.3441
2384 1.2563
2385 1.2103
2386 1.1631
2387 1.1112
2388 1.1325
2389 1.1424
2390 1.1754
2391 1.3024
2392 1.391
2393 1.4867
2394 1.5794
2395 1.7568
2396 1.8412
2397 1.9226
2398 2.0724
2399 2.1416
2400 2.2696
2401 2.3272
2402 2.3811
2403 2.4749
2404 2.5154
2405 2.5845
2406 2.6124
2407 2.6362
2408 2.6555
2409 2.6819
2410 2.6889
2411 2.6919
2412 2.6908
2413 2.6766
2414 2.6637
2415 2.6469
2416 2.6023
2417 2.5746
2418 2.5085
2419 2.4705
2420 2.4292
2421 2.3381
2422 2.2883
2423 2.2356
2424 2.1237
2425 2.0641
2426 2.0041
2427 1.9423
2428 1.8783
2429 1.8122
2430 1.7441
2431 1.6025
2432 1.5291
2433 1.3779
2434 1.301
2435 1.2231
2436 1.0115
2437 0.9777
2438 0.9608
2439 0.9856
2440 1.0839
2441 1.1647
2442 1.2498
2443 1.3328
2444 1.4927
2445 1.5694
2446 1.6437
2447 1.7144
2448 1.8478
2449 1.9104
2450 1.97
2451 2.0777
2452 2.1264
2453 2.1718
2454 2.2508
2455 2.2848
2456 2.3424
2457 2.3844
2458 2.3998
2459 2.4188
2460 2.4225
2461 2.4226
2462 2.4119
2463 2.4012
2464 2.3871
2465 2.3697
2466 2.3251
2467 2.2979
2468 2.2677
2469 2.2346
2470 2.1598
2471 2.1181
2472 1.9771
2473 1.9253
2474 1.8712
2475 1.8159
2476 1.6994
2477 1.6383
2478 1.5756
2479 1.5119
2480 1.3803
2481 1.3125
2482 1.2436
2483 1.1745
2484 1.1045
2485 0.9627
2486 0.8962
2487 0.8366
2488 0.7879
2489 0.7257
2490 0.7184
2491 0.7142
2492 0.7058
2493 0.701
2494 0.6899
2495 0.6836
2496 0.6768
2497 0.6617
2498 0.6534
2499 0.6353
2500 0.6256
2501 0.6154
2502 0.6049
2503 0.5824
2504 0.5706
2505 0.5583
2506 0.5458
2507 0.5196
2508 0.506
2509 0.492
2510 0.4492
2511 0.4345
2512 0.4044
2513 0.3894
2514 0.3589
2515 0.3436
2516 0.3693
2517 0.3778
2518 0.4144
2519 0.4606
2520 0.5653
2521 0.6172
2522 0.6683
2523 0.7178
2524 0.8132
2525 0.8591
2526 0.947
2527 0.9882
2528 1.0661
2529 1.1022
2530 1.1365
2531 1.1687
2532 1.2276
2533 1.2543
2534 1.279
2535 1.3218
2536 1.34
2537 1.3563
2538 1.3821
2539 1.3919
2540 1.3996
2541 1.4051
2542 1.4102
2543 1.4074
2544 1.403
2545 1.3966
2546 1.3663
2547 1.3525
2548 1.3369
2549 1.3197
2550 1.3009
2551 1.2584
2552 1.2097
2553 1.1551
2554 1.1259
2555 1.0956
2556 1.0644
2557 0.9986
2558 0.9642
2559 0.9287
2560 0.8927
2561 0.8342
2562 0.8226
2563 0.8188
2564 0.8325
2565 0.886
2566 0.9175
2567 0.948
2568 1.0043
2569 1.0303
2570 1.0549
2571 1.0777
2572 1.099
2573 1.1369
2574 1.1536
2575 1.1688
2576 1.1936
2577 1.2035
2578 1.2117
2579 1.2182
2580 1.2263
2581 1.2279
2582 1.2278
2583 1.2228
2584 1.2113
2585 1.2032
2586 1.1936
2587 1.1826
2588 1.1561
2589 1.1239
2590 1.1057
2591 1.0863
2592 1.0658
2593 1.0214
2594 0.9724
2595 0.9463
2596 0.9194
2597 0.8918
2598 0.8343
2599 0.8043
2600 0.7736
2601 0.7426
2602 0.6788
2603 0.6462
2604 0.613
2605 0.5466
2606 0.5131
2607 0.4793
2608 0.4458
2609 0.4122
2610 0.3448
2611 0.3111
2612 0.2775
2613 0.2474
2614 0.2149
2615 0.2156
2616 0.2229
2617 0.2417
2618 0.3055
2619 0.3396
2620 0.3734
2621 0.4387
2622 0.5015
2623 0.532
2624 0.5614
2625 0.6169
2626 0.6432
2627 0.6686
2628 0.7157
2629 0.7375
2630 0.7583
2631 0.7959
2632 0.8286
2633 0.8433
2634 0.8565
2635 0.8684
2636 0.8884
2637 0.8966
2638 0.9035
2639 0.9092
2640 0.9186
2641 0.9188
2642 0.9171
2643 0.914
2644 0.9045
2645 0.898
2646 0.8817
2647 0.8719
2648 0.8611
2649 0.8494
2650 0.8229
2651 0.8083
2652 0.7927
2653 0.7764
2654 0.7413
2655 0.7226
2656 0.7032
2657 0.6628
2658 0.62
2659 0.5996
2660 0.584
2661 0.5769
2662 0.5785
2663 0.5972
2664 0.6344
2665 0.6522
2666 0.6693
2667 0.6854
2668 0.7006
2669 0.7285
2670 0.7529
2671 0.7638
2672 0.7823
2673 0.7899
2674 0.7965
2675 0.8021
2676 0.8101
2677 0.8126
2678 0.8141
2679 0.8146
2680 0.8125
2681 0.8099
2682 0.8063
2683 0.8018
2684 0.7899
2685 0.7825
2686 0.7649
2687 0.756
2688 0.7617
2689 0.7772
2690 0.7998
2691 0.8423
2692 0.862
2693 0.8806
2694 0.9275
2695 0.9404
2696 0.952
2697 0.962
2698 0.978
2699 0.9839
2700 0.9886
2701 0.9919
2702 0.9945
2703 0.9938
2704 0.9919
2705 0.9887
2706 0.9785
2707 0.9715
2708 0.9633
2709 0.954
2710 0.9319
2711 0.9206
2712 0.9139
2713 0.9128
2714 0.92
2715 0.9225
2716 0.9239
2717 0.9232
2718 0.9211
2719 0.9179
2720 0.9081
2721 0.9016
2722 0.894
2723 0.8758
2724 0.8652
2725 0.8411
2726 0.8277
2727 0.8134
2728 0.7984
2729 0.766
2730 0.7486
2731 0.7116
2732 0.6719
2733 0.6701
2734 0.6741
2735 0.6867
2736 0.6923
2737 0.6973
2738 0.7015
2739 0.7077
2740 0.7096
2741 0.7114
2742 0.7111
2743 0.71
2744 0.7057
2745 0.7024
2746 0.6936
2747 0.6881
2748 0.6819
2749 0.6751
2750 0.6595
2751 0.6506
2752 0.6411
2753 0.6311
2754 0.6205
2755 0.5975
2756 0.5852
2757 0.5723
2758 0.5454
2759 0.5167
2760 0.5017
2761 0.471
2762 0.4553
2763 0.4394
2764 0.4233
2765 0.3904
2766 0.3737
2767 0.3568
2768 0.3265
2769 0.3258
2770 0.3316
2771 0.3376
2772 0.3491
2773 0.3597
2774 0.3647
2775 0.3694
2776 0.3778
2777 0.3815
2778 0.385
2779 0.3909
2780 0.3933
2781 0.3955
2782 0.3972
2783 0.3998
2784 0.4007
2785 0.4013
2786 0.4011
2787 0.3997
2788 0.3986
2789 0.4056
2790 0.416
2791 0.4482
2792 0.469
2793 0.4894
2794 0.509
2795 0.5281
2796 0.5642
2797 0.5812
2798 0.6132
2799 0.6278
2800 0.6417
2801 0.6664
2802 0.6775
2803 0.6876
2804 0.712
2805 0.7234
2806 0.7277
2807 0.7329
2808 0.734
2809 0.7342
2810 0.7334
2811 0.7316
2812 0.7255
2813 0.721
2814 0.7157
2815 0.5418
2816 0.5242
2817 0.488
2818 0.476
2819 0.4686
2820 0.4584
2821 0.4585
2822 0.4584
2823 0.458
2824 0.4526
2825 0.4446
2826 0.4413
2827 0.4335
2828 0.4246
2829 0.4197
2830 0.409
2831 0.4033
2832 0.3973
2833 0.3847
2834 0.3781
2835 0.364
2836 0.3567
2837 0.3492
2838 0.3721
2839 0.3571
2840 0.3564
2841 0.3733
2842 0.383
2843 0.3924
2844 0.4014
2845 0.4182
2846 0.4404
2847 0.447
2848 0.453
2849 0.4618
