0 0.7598
1 0.7598
2 0.7598
3 0.7598
4 0.7598
5 0.7598
6 0.7598
7 0.7598
8 0.7598
9 0.7598
10 0.7599
11 0.7599
12 0.7598
13 0.7598
14 0.7598
15 0.7597
16 0.7596
17 0.7596
18 0.7595
19 0.7595
20 0.7594
21 0.7593
22 0.7592
23 0.7591
24 0.759
25 0.7588
26 0.7587
27 0.7585
28 0.7583
29 0.7582
30 0.758
31 0.7577
32 0.7576
33 0.7573
34 0.7571
35 0.7568
36 0.7566
37 0.7564
38 0.756
39 0.7558
40 0.7556
41 0.7552
42 0.755
43 0.7545
44 0.7543
45 0.754
46 0.7537
47 0.7532
48 0.7529
49 0.7523
50 0.7519
51 0.7513
52 0.7509
53 0.7506
54 0.7502
55 0.7494
56 0.749
57 0.7486
58 0.7482
59 0.7478
60 0.7469
61 0.7465
62 0.746
63 0.7455
64 0.7445
65 0.7439
66 0.7434
67 0.7428
68 0.7416
69 0.741
70 0.7398
71 0.7392
72 0.7378
73 0.7371
74 0.7364
75 0.7357
76 0.7342
77 0.7335
78 0.7319
79 0.7311
80 0.7294
81 0.7286
82 0.7277
83 0.7259
84 0.725
85 0.7241
86 0.7221
87 0.7212
88 0.7202
89 0.7181
90 0.717
91 0.716
92 0.7149
93 0.7138
94 0.7115
95 0.7104
96 0.7092
97 0.7067
98 0.7043
99 0.703
100 0.7017
101 0.6991
102 0.6977
103 0.6963
104 0.695
105 0.6921
106 0.6908
107 0.6896
108 0.6882
109 0.6879
110 0.6881
111 0.6887
112 0.6917
113 0.6944
114 0.698
115 0.6925
116 0.6918
117 0.6913
118 0.6915
119 0.692
120 0.6938
121 0.6949
122 0.7068
123 0.711
124 0.7151
125 0.7231
126 0.727
127 0.7308
128 0.7346
129 0.7365
130 0.7384
131 0.7422
132 0.744
133 0.7459
134 0.7514
135 0.7532
136 0.7568
137 0.7585
138 0.7603
139 0.7637
140 0.7654
141 0.7671
142 0.7703
143 0.7782
144 0.7856
145 0.787
146 0.7897
147 0.7921
148 0.7933
149 0.7945
150 0.7968
151 0.7979
152 0.7989
153 0.801
154 0.8019
155 0.8029
156 0.8047
157 0.8064
158 0.8093
159 0.81
160 0.8106
161 0.8112
162 0.8123
163 0.8128
164 0.8133
165 0.8141
166 0.8145
167 0.8151
168 0.8155
169 0.8157
170 0.8158
171 0.8158
172 0.8156
173 0.8152
174 0.8143
175 0.8134
176 0.813
177 0.8119
178 0.8113
179 0.8106
180 0.8091
181 0.8083
182 0.8066
183 0.8046
184 0.8024
185 0.8012
186 0.7987
187 0.7975
188 0.7947
189 0.7918
190 0.7902
191 0.7886
192 0.7853
193 0.7835
194 0.7798
195 0.7779
196 0.7739
197 0.7718
198 0.7698
199 0.7654
200 0.7609
201 0.7585
202 0.7561
203 0.7536
204 0.7485
205 0.746
206 0.7406
207 0.7378
208 0.7321
209 0.7262
210 0.7201
211 0.7171
212 0.7139
213 0.7075
214 0.701
215 0.6976
216 0.6908
217 0.6872
218 0.6837
219 0.6766
220 0.6692
221 0.6617
222 0.654
223 0.65
224 0.6422
225 0.6342
226 0.6302
227 0.6261
228 0.6179
229 0.6138
230 0.6056
231 0.6021
232 0.5966
233 0.5946
234 0.5919
235 0.5908
236 0.5911
237 0.5929
238 0.5946
239 0.5992
240 0.602
241 0.6046
242 0.6097
243 0.6122
244 0.6171
245 0.6216
246 0.6259
247 0.628
248 0.6319
249 0.6338
250 0.6374
251 0.6408
252 0.6423
253 0.6453
254 0.648
255 0.6492
256 0.6515
257 0.6536
258 0.6545
259 0.6569
260 0.6575
261 0.6586
262 0.6591
263 0.6598
264 0.66
265 0.6604
266 0.6604
267 0.6604
268 0.66
269 0.6594
270 0.6585
271 0.658
272 0.6567
273 0.6552
274 0.6534
275 0.6524
276 0.6503
277 0.6491
278 0.6465
279 0.6438
280 0.6407
281 0.6391
282 0.6339
283 0.6302
284 0.6262
285 0.6241
286 0.6176
287 0.613
288 0.6082
289 0.6057
290 0.6032
291 0.5981
292 0.5927
293 0.5899
294 0.5843
295 0.5814
296 0.5784
297 0.5755
298 0.5694
299 0.5631
300 0.5598
301 0.5533
302 0.55
303 0.5433
304 0.5365
305 0.533
306 0.5295
307 0.526
308 0.5188
309 0.5116
310 0.5079
311 0.5005
312 0.4949
313 0.4922
314 0.4938
315 0.4944
316 0.499
317 0.5075
318 0.5178
319 0.5279
320 0.5377
321 0.5424
322 0.547
323 0.556
324 0.5604
325 0.5647
326 0.573
327 0.577
328 0.5847
329 0.5885
330 0.5958
331 0.5992
332 0.6059
333 0.6122
334 0.6182
335 0.6237
336 0.6263
337 0.6311
338 0.6355
339 0.6375
340 0.643
341 0.6461
342 0.6499
343 0.6519
344 0.6535
345 0.6546
346 0.655
347 0.6555
348 0.6553
349 0.6551
350 0.6543
351 0.6532
352 0.6524
353 0.6507
354 0.6485
355 0.646
356 0.6431
357 0.6416
358 0.6381
359 0.6324
360 0.6303
361 0.6259
362 0.6213
363 0.6188
364 0.6137
365 0.6083
366 0.5997
367 0.5941
368 0.5931
369 0.5972
370 0.601
371 0.6115
372 0.6251
373 0.6452
374 0.6579
375 0.67
376 0.6758
377 0.6867
378 0.7152
379 0.7272
380 0.7343
381 0.7374
382 0.743
383 0.7479
384 0.7521
385 0.7556
386 0.7594
387 0.7603
388 0.7616
389 0.762
390 0.7622
391 0.7613
392 0.7607
393 0.7599
394 0.759
395 0.7566
396 0.7551
397 0.7536
398 0.75
399 0.7479
400 0.7434
401 0.7409
402 0.7356
403 0.7297
404 0.7265
405 0.7198
406 0.7163
407 0.7089
408 0.705
409 0.701
410 0.6969
411 0.6883
412 0.6838
413 0.6792
414 0.6698
415 0.6649
416 0.6549
417 0.6498
418 0.6392
419 0.6338
420 0.6227
421 0.6133
422 0.6105
423 0.6078
424 0.6079
425 0.6147
426 0.6189
427 0.6234
428 0.6278
429 0.6362
430 0.6402
431 0.6441
432 0.6513
433 0.6547
434 0.6611
435 0.6641
436 0.6696
437 0.6721
438 0.6766
439 0.6787
440 0.6823
441 0.6839
442 0.6853
443 0.6877
444 0.6886
445 0.69
446 0.6905
447 0.6908
448 0.691
449 0.6909
450 0.6901
451 0.6896
452 0.6879
453 0.6857
454 0.6843
455 0.6813
456 0.6795
457 0.6776
458 0.6756
459 0.6712
460 0.6662
461 0.6607
462 0.6547
463 0.6515
464 0.6449
465 0.6378
466 0.6342
467 0.6265
468 0.6226
469 0.6144
470 0.6101
471 0.6058
472 0.6014
473 0.5924
474 0.5877
475 0.5781
476 0.5733
477 0.5683
478 0.5583
479 0.5266
480 0.5099
481 0.4985
482 0.4892
483 0.4872
484 0.49
485 0.4964
486 0.5005
487 0.5199
488 0.5335
489 0.5744
490 0.5877
491 0.6009
492 0.6263
493 0.6386
494 0.6627
495 0.6856
496 0.6968
497 0.7181
498 0.7383
499 0.7479
500 0.7663
501 0.7749
502 0.7833
503 0.7914
504 0.8067
505 0.8209
506 0.8276
507 0.834
508 0.84
509 0.8511
510 0.8562
511 0.8611
512 0.8698
513 0.8736
514 0.8772
515 0.8834
516 0.8884
517 0.8904
518 0.8921
519 0.8946
520 0.8954
521 0.8959
522 0.8961
523 0.895
524 0.8929
525 0.8914
526 0.8875
527 0.8852
528 0.8797
529 0.8766
530 0.8732
531 0.8657
532 0.8616
533 0.8527
534 0.8448
535 0.8448
536 0.8423
537 0.8403
538 0.8405
539 0.8441
540 0.8461
541 0.8479
542 0.8494
543 0.8516
544 0.8523
545 0.8528
546 0.8529
547 0.8526
548 0.8512
549 0.8501
550 0.8471
551 0.8453
552 0.8432
553 0.8383
554 0.8354
555 0.8324
556 0.8291
557 0.8219
558 0.8179
559 0.8046
560 0.7998
561 0.7947
562 0.7841
563 0.7786
564 0.7669
565 0.7545
566 0.748
567 0.7415
568 0.7347
569 0.7208
570 0.7137
571 0.7063
572 0.6913
573 0.6836
574 0.6679
575 0.6599
576 0.6517
577 0.6353
578 0.6185
579 0.6013
580 0.5927
581 0.584
582 0.5743
583 0.5796
584 0.5805
585 0.5861
586 0.6044
587 0.6158
588 0.6386
589 0.6605
590 0.6711
591 0.6915
592 0.7013
593 0.7201
594 0.7377
595 0.7542
596 0.762
597 0.7766
598 0.7898
599 0.796
600 0.8073
601 0.8124
602 0.8217
603 0.8296
604 0.8331
605 0.8415
606 0.8436
607 0.8469
608 0.848
609 0.8488
610 0.8495
611 0.8494
612 0.8459
613 0.8424
614 0.8402
615 0.8349
616 0.8319
617 0.8251
618 0.8213
619 0.8129
620 0.8035
621 0.7985
622 0.7878
623 0.7821
624 0.7702
625 0.7639
626 0.7507
627 0.7439
628 0.7369
629 0.7224
630 0.7149
631 0.7073
632 0.6995
633 0.6836
634 0.6754
635 0.6586
636 0.6414
637 0.6327
638 0.6239
639 0.6062
640 0.5972
641 0.5802
642 0.5746
643 0.5771
644 0.592
645 0.583
646 0.6123
647 0.6514
648 0.6708
649 0.6899
650 0.7268
651 0.7447
652 0.7624
653 0.7796
654 0.8129
655 0.829
656 0.8602
657 0.8751
658 0.9037
659 0.9303
660 0.9429
661 0.9666
662 0.9776
663 0.9982
664 1.0077
665 1.0166
666 1.0251
667 1.0404
668 1.0473
669 1.0595
670 1.0648
671 1.0738
672 1.0775
673 1.0833
674 1.0869
675 1.0879
676 1.0884
677 1.0878
678 1.0872
679 1.0963
680 1.1008
681 1.1232
682 1.136
683 1.1602
684 1.1715
685 1.1923
686 1.2186
687 1.2261
688 1.2329
689 1.239
690 1.2445
691 1.2537
692 1.2575
693 1.2631
694 1.2649
695 1.2669
696 1.2669
697 1.2653
698 1.2636
699 1.2613
700 1.255
701 1.2511
702 1.2466
703 1.2359
704 1.2298
705 1.2161
706 1.2084
707 1.2003
708 1.1917
709 1.1732
710 1.1632
711 1.1527
712 1.1419
713 1.1326
714 1.1517
715 1.1416
716 1.1673
717 1.1847
718 1.2042
719 1.2429
720 1.2613
721 1.2791
722 1.2961
723 1.328
724 1.3572
725 1.3708
726 1.3835
727 1.3954
728 1.4268
729 1.4441
730 1.4516
731 1.4583
732 1.4692
733 1.4735
734 1.48
735 1.4822
736 1.4836
737 1.4842
738 1.4834
739 1.4819
740 1.4797
741 1.4732
742 1.4639
743 1.4582
744 1.4518
745 1.4372
746 1.4289
747 1.42
748 1.4004
749 1.3897
750 1.3665
751 1.3541
752 1.3411
753 1.3137
754 1.2992
755 1.2842
756 1.253
757 1.2367
758 1.2199
759 1.1854
760 1.1676
761 1.1494
762 1.1308
763 1.0928
764 1.0732
765 1.0331
766 1.0127
767 0.971
768 0.9499
769 0.9285
770 0.8856
771 0.864
772 0.8421
773 0.7984
774 0.7766
775 0.7563
776 0.729
777 0.7381
778 0.71
779 0.7202
780 0.7302
781 0.7403
782 0.7597
783 0.769
784 0.7782
785 0.7869
786 0.8037
787 0.8193
788 0.8267
789 0.8337
790 0.8466
791 0.8526
792 0.8582
793 0.8682
794 0.8768
795 0.8806
796 0.8916
797 0.8934
798 0.8948
799 0.8957
800 0.8964
801 0.8977
802 0.9291
803 0.958
804 0.9936
805 1.0333
806 1.1112
807 1.1491
808 1.1863
809 1.2224
810 1.2922
811 1.3258
812 1.3586
813 1.3903
814 1.4509
815 1.4798
816 1.5077
817 1.5345
818 1.5851
819 1.6089
820 1.6317
821 1.6736
822 1.6929
823 1.7112
824 1.744
825 1.7723
826 1.7962
827 1.8064
828 1.8154
829 1.8232
830 1.8355
831 1.8401
832 1.8435
833 1.847
834 1.8471
835 1.8442
836 1.8411
837 1.8449
838 1.8695
839 1.885
840 1.9097
841 1.9919
842 2.0321
843 2.109
844 2.1796
845 2.2126
846 2.2734
847 2.3011
848 2.3273
849 2.3744
850 2.3955
851 2.4329
852 2.449
853 2.4765
854 2.4878
855 2.4974
856 2.5053
857 2.5165
858 2.5197
859 2.5214
860 2.5168
861 2.5166
862 2.5371
863 2.5337
864 2.5718
865 2.5942
866 2.6153
867 2.6522
868 2.6681
869 2.6824
870 2.7054
871 2.7142
872 2.7214
873 2.7305
874 2.7325
875 2.7328
876 2.7283
877 2.7236
878 2.6996
879 2.6884
880 2.6756
881 2.6457
882 2.6098
883 2.5897
884 2.5682
885 2.5455
886 2.4959
887 2.441
888 2.4116
889 2.3496
890 2.317
891 2.2834
892 2.2134
893 2.1396
894 2.1012
895 2.062
896 1.9819
897 1.9407
898 1.8988
899 1.8604
900 1.8091
901 1.8
902 1.8197
903 1.8481
904 1.8763
905 1.9034
906 1.9544
907 2.001
908 2.0226
909 2.0616
910 2.0791
911 2.1102
912 2.1359
913 2.1564
914 2.1645
915 2.1766
916 2.1806
917 2.1833
918 2.1846
919 2.1833
920 2.1808
921 2.1718
922 2.1654
923 2.1488
924 2.1387
925 2.1274
926 2.1043
927 2.099
928 2.102
929 2.1075
930 2.1343
931 2.1461
932 2.1661
933 2.174
934 2.1861
935 2.1901
936 2.1929
937 2.1944
938 2.1932
939 2.1869
940 2.1819
941 2.1756
942 2.1594
943 2.1495
944 2.1384
945 2.1261
946 2.1127
947 2.0825
948 2.0656
949 2.0529
950 2.0869
951 2.0958
952 2.1305
953 2.17
954 2.2093
955 2.2473
956 2.2837
957 2.3521
958 2.384
959 2.443
960 2.4699
961 2.4952
962 2.5401
963 2.5599
964 2.5945
965 2.6091
966 2.6219
967 2.6422
968 2.6497
969 2.6554
970 2.6616
971 2.662
972 2.6579
973 2.6533
974 2.647
975 2.6392
976 2.6186
977 2.6059
978 2.5759
979 2.5586
980 2.5399
981 2.4983
982 2.4755
983 2.4512
984 2.4258
985 2.399
986 2.3417
987 2.3112
988 2.2465
989 2.2141
990 2.1892
991 2.1732
992 2.1646
993 2.1646
994 2.1997
995 2.2181
996 2.2353
997 2.2654
998 2.2784
999 2.2899
1000 2.3
1001 2.316
1002 2.3219
1003 2.3265
1004 2.3295
1005 2.3315
1006 2.3305
1007 2.328
1008 2.3189
1009 2.3044
1010 2.2846
1011 2.2726
1012 2.2595
1013 2.2295
1014 2.2127
1015 2.1946
1016 2.1553
1017 2.1114
1018 2.0877
1019 2.0631
1020 2.0112
1021 1.9837
1022 1.9554
1023 1.8974
1024 1.8716
1025 1.835
1026 1.8181
1027 1.8094
1028 1.8
1029 1.7788
1030 1.767
1031 1.7542
1032 1.7266
1033 1.7115
1034 1.6791
1035 1.6617
1036 1.6437
1037 1.6056
1038 1.5648
1039 1.5433
1040 1.4987
1041 1.4757
1042 1.4521
1043 1.4035
1044 1.3785
1045 1.3688
1046 1.36
1047 1.368
1048 1.3796
1049 1.3929
1050 1.4174
1051 1.4287
1052 1.4489
1053 1.4579
1054 1.4734
1055 1.4799
1056 1.4857
1057 1.4906
1058 1.498
1059 1.503
1060 1.5031
1061 1.5023
1062 1.4983
1063 1.4909
1064 1.4861
1065 1.4804
1066 1.4669
1067 1.459
1068 1.4503
1069 1.4309
1070 1.4201
1071 1.3965
1072 1.3837
1073 1.356
1074 1.3413
1075 1.31
1076 1.2935
1077 1.2765
1078 1.241
1079 1.2226
1080 1.2036
1081 1.1842
1082 1.1442
1083 1.1235
1084 1.1024
1085 1.0594
1086 0.9931
1087 0.9594
1088 0.9535
1089 0.9452
1090 0.9468
1091 0.9575
1092 0.9624
1093 0.9712
1094 0.975
1095 0.9784
1096 0.9838
1097 0.9859
1098 0.9876
1099 0.9896
1100 0.99
1101 0.9899
1102 0.9894
1103 0.9871
1104 0.9853
1105 0.9831
1106 0.9805
1107 0.974
1108 0.9701
1109 0.9658
1110 0.956
1111 0.9505
1112 0.9447
1113 0.9384
1114 0.9249
1115 0.9175
1116 0.9098
1117 0.9018
1118 0.8934
1119 0.8757
1120 0.8664
1121 0.8567
1122 0.8577
1123 0.8559
1124 0.8738
1125 0.8872
1126 0.9016
1127 0.9155
1128 0.942
1129 0.9546
1130 0.9783
1131 0.9893
1132 1.0098
1133 1.0279
1134 1.0362
1135 1.0508
1136 1.0571
1137 1.0629
1138 1.0726
1139 1.0766
1140 1.0827
1141 1.0849
1142 1.0866
1143 1.0876
1144 1.088
1145 1.0861
1146 1.0843
1147 1.0819
1148 1.0757
1149 1.0717
1150 1.0673
1151 1.0569
1152 1.051
1153 1.0446
1154 1.0377
1155 1.0226
1156 1.0144
1157 0.9966
1158 0.9871
1159 0.9772
1160 0.9565
1161 0.9343
1162 0.9227
1163 0.9109
1164 0.8988
1165 0.8864
1166 0.8607
1167 0.8474
1168 0.8201
1169 0.8061
1170 0.7775
1171 0.7645
1172 0.7555
1173 0.751
1174 0.7455
1175 0.7443
1176 0.746
1177 0.7498
1178 0.7608
1179 0.7716
1180 0.7766
1181 0.7812
1182 0.7895
1183 0.7931
1184 0.7965
1185 0.8021
1186 0.8044
1187 0.8063
1188 0.808
1189 0.8102
1190 0.8108
1191 0.8111
1192 0.811
1193 0.8098
1194 0.8088
1195 0.8074
1196 0.8036
1197 0.7985
1198 0.7955
1199 0.7885
1200 0.7846
1201 0.7804
1202 0.7759
1203 0.7661
1204 0.7608
1205 0.7551
1206 0.7432
1207 0.7369
1208 0.7303
1209 0.7235
1210 0.7093
1211 0.7018
1212 0.6941
1213 0.6783
1214 0.6701
1215 0.6532
1216 0.6446
1217 0.6357
1218 0.6268
1219 0.6086
1220 0.5993
1221 0.5899
1222 0.5804
1223 0.5611
1224 0.5514
1225 0.5415
1226 0.5218
1227 0.5119
1228 0.502
1229 0.492
1230 0.4721
1231 0.4622
1232 0.4522
1233 0.4423
1234 0.4225
1235 0.4028
1236 0.393
1237 0.3833
1238 0.3642
1239 0.3548
1240 0.3455
1241 0.3274
1242 0.3185
1243 0.301
1244 0.2842
1245 0.276
1246 0.268
1247 0.2735
1248 0.3324
1249 0.4631
1250 0.6666
1251 0.7586
1252 0.6165
1253 0.5623
1254 0.5202
1255 0.4775
1256 0.4747
1257 0.4817
1258 0.516
1259 0.5647
1260 0.5912
1261 0.6451
1262 0.6717
1263 0.698
1264 0.7237
1265 0.7986
1266 0.8227
1267 0.8464
1268 0.8912
1269 0.9125
1270 0.9535
1271 0.973
1272 0.9918
1273 1.0272
1274 1.0438
1275 1.0597
1276 1.0891
1277 1.1027
1278 1.1156
1279 1.1388
1280 1.1494
1281 1.1681
1282 1.1763
1283 1.1838
1284 1.1963
1285 1.2014
1286 1.2058
1287 1.2094
1288 1.2144
1289 1.2158
1290 1.2164
1291 1.2157
1292 1.2121
1293 1.2093
1294 1.2016
1295 1.1967
1296 1.1851
1297 1.1783
1298 1.1709
1299 1.1545
1300 1.1454
1301 1.1256
1302 1.1149
1303 1.0919
1304 1.0797
1305 1.067
1306 1.0404
1307 1.0122
1308 0.9974
1309 0.9669
1310 0.9513
1311 0.9352
1312 0.9026
1313 0.8858
1314 0.8688
1315 0.8344
1316 0.7991
1317 0.7812
1318 0.7632
1319 0.727
1320 0.7088
1321 0.6905
1322 0.6539
1323 0.6356
1324 0.6172
1325 0.5807
1326 0.5625
1327 0.5262
1328 0.5082
1329 0.4724
1330 0.4547
1331 0.437
1332 0.4025
1333 0.3855
1334 0.3518
1335 0.3354
1336 0.303
1337 0.2872
1338 0.2716
1339 0.2414
1340 0.2267
1341 0.2122
1342 0.1844
1343 0.1578
1344 0.145
1345 0.1205
1346 0.1088
1347 0.0975
1348 0.076
1349 0.0561
1350 0.0375
1351 0.0288
1352 0.0205
1353 0.0053
1354 -0.0017
1355 -0.0084
1356 -0.0204
1357 -0.0258
1358 -0.0355
1359 -0.0397
1360 -0.0436
1361 -0.0501
1362 -0.0528
1363 -0.0551
1364 -0.0585
1365 -0.0597
1366 -0.0605
1367 -0.061
1368 -0.0607
1369 -0.06
1370 -0.0577
1371 -0.0561
1372 -0.0518
1373 -0.0492
1374 -0.0462
1375 -0.0395
1376 -0.0315
1377 -0.0272
1378 -0.0176
1379 -0.0125
1380 -0.007
1381 -0.0014
1382 0.0105
1383 0.0168
1384 0.0234
1385 0.037
1386 0.044
1387 0.0588
1388 0.0663
1389 0.0741
1390 0.0819
1391 0.0981
1392 0.1064
1393 0.1148
1394 0.1318
1395 0.1405
1396 0.1492
1397 0.1756
1398 0.1845
1399 0.1934
1400 0.2111
1401 0.2199
1402 0.2286
1403 0.2461
1404 0.2548
1405 0.2721
1406 0.2807
1407 0.2892
1408 0.3059
1409 0.3142
1410 0.3225
1411 0.3385
1412 0.3543
1413 0.362
1414 0.3696
1415 0.3843
1416 0.3915
1417 0.3985
1418 0.4121
1419 0.4187
1420 0.4252
1421 0.4376
1422 0.4436
1423 0.4494
1424 0.4605
1425 0.4657
1426 0.4758
1427 0.4806
1428 0.4852
1429 0.4938
1430 0.4978
1431 0.5017
1432 0.5054
1433 0.5122
1434 0.5154
1435 0.5212
1436 0.5262
1437 0.5284
1438 0.5305
1439 0.534
1440 0.5355
1441 0.5379
1442 0.5396
1443 0.5402
1444 0.5406
1445 0.5409
1446 0.5408
1447 0.5405
1448 0.5395
1449 0.5386
1450 0.5403
1451 0.5666
1452 0.5871
1453 0.6157
1454 0.7011
1455 0.8274
1456 0.906
1457 0.6194
1458 0.542
1459 0.5186
1460 0.52
1461 0.524
1462 0.5261
1463 0.5299
1464 0.5315
1465 0.5344
1466 0.5355
1467 0.5365
1468 0.5381
1469 0.539
1470 0.5392
1471 0.5392
1472 0.5389
1473 0.5386
1474 0.5373
1475 0.5365
1476 0.5344
1477 0.5332
1478 0.5318
1479 0.5287
1480 0.5269
1481 0.523
1482 0.5209
1483 0.5163
1484 0.5138
1485 0.5112
1486 0.5086
1487 0.5029
1488 0.4968
1489 0.4937
1490 0.4871
1491 0.4837
1492 0.4767
1493 0.4731
1494 0.4657
1495 0.462
1496 0.4542
1497 0.4503
1498 0.4464
1499 0.4385
1500 0.4346
1501 0.4263
1502 0.4221
1503 0.4138
1504 0.4096
1505 0.4055
1506 0.3973
1507 0.3933
1508 0.3853
1509 0.3813
1510 0.3774
1511 0.3698
1512 0.366
1513 0.3586
1514 0.3514
1515 0.3479
1516 0.3427
1517 0.3442
1518 0.3521
1519 0.3754
1520 0.3968
1521 0.4218
1522 0.4466
1523 0.4958
1524 0.5201
1525 0.5681
1526 0.5915
1527 0.6146
1528 0.6592
1529 0.6809
1530 0.7021
1531 0.7428
1532 0.7623
1533 0.7999
1534 0.8178
1535 0.8519
1536 0.868
1537 0.8835
1538 0.9124
1539 0.9259
1540 0.9511
1541 0.9626
1542 0.9736
1543 0.9934
1544 1.0022
1545 1.0105
1546 1.0249
1547 1.0311
1548 1.0367
1549 1.0458
1550 1.0494
1551 1.0546
1552 1.0563
1553 1.0578
1554 1.0576
1555 1.0568
1556 1.0629
1557 1.0802
1558 1.1081
1559 1.1602
1560 1.1867
1561 1.2125
1562 1.2612
1563 1.2841
1564 1.3062
1565 1.3472
1566 1.3843
1567 1.4014
1568 1.4175
1569 1.4463
1570 1.471
1571 1.4819
1572 1.5003
1573 1.5079
1574 1.5144
1575 1.5243
1576 1.5301
1577 1.5314
1578 1.5318
1579 1.5295
1580 1.5269
1581 1.5188
1582 1.5134
1583 1.4997
1584 1.4726
1585 1.4619
1586 1.438
1587 1.4249
1588 1.3965
1589 1.3654
1590 1.3488
1591 1.3315
1592 1.2988
1593 1.2886
1594 1.299
1595 1.3104
1596 1.3481
1597 1.3659
1598 1.383
1599 1.4143
1600 1.4286
1601 1.4421
1602 1.466
1603 1.4766
1604 1.495
1605 1.5027
1606 1.5155
1607 1.5203
1608 1.5243
1609 1.5293
1610 1.5313
1611 1.557
1612 1.5782
1613 1.6849
1614 1.748
1615 1.81
1616 1.9286
1617 1.9855
1618 2.0945
1619 2.1954
1620 2.2889
1621 2.3325
1622 2.4129
1623 2.4497
1624 2.5172
1625 2.5476
1626 2.6023
1627 2.6263
1628 2.6681
1629 2.6855
1630 2.7142
1631 2.7251
1632 2.734
1633 2.7453
1634 2.7478
1635 2.6548
1636 2.7295
1637 2.8792
1638 2.9431
1639 3.0106
1640 3.136
1641 3.2511
1642 3.3048
1643 3.4028
1644 3.4469
1645 3.4881
1646 3.5262
1647 3.5937
1648 3.6232
1649 3.6498
1650 3.6733
1651 3.7117
1652 3.7405
1653 3.6258
1654 3.9589
1655 3.9913
1656 4.0872
1657 4.2696
1658 4.3635
1659 4.4538
1660 4.697
1661 4.7694
1662 4.9024
1663 4.9615
1664 5.0674
1665 5.1136
1666 5.1556
1667 5.2259
1668 5.2545
1669 5.2995
1670 5.3273
1671 5.3349
1672 5.3373
1673 5.3231
1674 5.3099
1675 5.2929
1676 5.2536
1677 5.2459
1678 5.1588
1679 5.2513
1680 5.2832
1681 5.311
1682 5.3384
1683 5.3831
1684 5.401
1685 5.4161
1686 5.4377
1687 5.449
1688 5.4507
1689 5.4506
1690 5.4433
1691 5.4296
1692 5.4213
1693 5.4028
1694 5.3932
1695 5.3731
1696 5.3625
1697 5.3394
1698 5.3263
1699 5.1845
1700 5.2293
1701 5.3533
1702 5.4152
1703 5.4547
1704 5.4985
1705 5.5829
1706 5.6233
1707 5.6977
1708 5.7313
1709 5.7622
1710 5.8178
1711 5.8659
1712 5.8886
1713 5.9304
1714 5.9497
1715 5.9853
1716 6.0012
1717 6.0305
1718 6.0451
1719 6.0655
1720 6.0791
1721 6.0863
1722 6.0891
1723 6.0811
1724 6.0686
1725 6.0374
1726 5.9931
1727 5.9672
1728 5.9452
1729 5.909
1730 5.9185
1731 5.8725
1732 5.8822
1733 5.8715
1734 5.8762
1735 5.8774
1736 5.8676
1737 5.8585
1738 5.8467
1739 5.8149
1740 5.7728
1741 5.7482
1742 5.6956
1743 5.6683
1744 5.6395
1745 5.5875
1746 5.5644
1747 5.5197
1748 5.4752
1749 5.4329
1750 5.4122
1751 5.3694
1752 5.3495
1753 5.3102
1754 5.2908
1755 5.2509
1756 5.2308
1757 5.1916
1758 5.1725
1759 5.1542
1760 5.1198
1761 5.1037
1762 5.0906
1763 5.07
1764 5.0643
1765 5.0604
1766 5.0584
1767 5.0616
1768 5.0645
1769 5.0708
1770 5.0741
1771 5.0799
1772 5.0807
1773 5.0804
1774 5.0817
1775 5.0847
1776 5.0887
1777 5.0863
1778 5.0816
1779 5.0816
1780 5.0762
1781 5.0731
1782 5.0662
1783 5.0625
1784 5.0541
1785 5.0495
1786 5.0011
1787 4.9978
1788 4.9948
1789 4.9896
1790 4.9871
1791 4.9825
1792 4.9814
1793 4.9809
1794 4.9786
1795 4.9765
1796 4.972
1797 4.97
1798 4.9666
1799 4.9652
1800 4.9629
1801 4.961
1802 4.9598
1803 4.9568
1804 4.956
1805 4.953
1806 4.9521
1807 4.9489
1808 4.9479
1809 4.9433
1810 4.939
1811 4.9362
1812 4.9354
1813 4.9329
1814 4.9239
