0 0.7598
1 0.7598
2 0.7598
3 0.7598
4 0.7598
5 0.7598
6 0.7598
7 0.7598
8 0.7598
9 0.7599
10 0.7599
11 0.7598
12 0.7597
13 0.7597
14 0.7596
15 0.7594
16 0.7594
17 0.7593
18 0.7591
19 0.7589
20 0.7588
21 0.7586
22 0.7583
23 0.7582
24 0.758
25 0.7577
26 0.7575
27 0.7573
28 0.7571
29 0.7567
30 0.7565
31 0.7562
32 0.7557
33 0.7555
34 0.7552
35 0.7546
36 0.7543
37 0.754
38 0.7537
39 0.7531
40 0.7527
41 0.7523
42 0.752
43 0.7512
44 0.7508
45 0.7503
46 0.7494
47 0.749
48 0.7485
49 0.7474
50 0.7469
51 0.7463
52 0.7452
53 0.7446
54 0.7433
55 0.7426
56 0.7411
57 0.7404
58 0.7396
59 0.7379
60 0.7371
61 0.7362
62 0.7343
63 0.7333
64 0.7323
65 0.7313
66 0.7292
67 0.728
68 0.7269
69 0.7245
70 0.7233
71 0.7221
72 0.7195
73 0.7168
74 0.7154
75 0.7125
76 0.711
77 0.7095
78 0.7064
79 0.7048
80 0.7031
81 0.6997
82 0.698
83 0.6943
84 0.6925
85 0.6906
86 0.6867
87 0.6847
88 0.6827
89 0.6785
90 0.6764
91 0.6742
92 0.6697
93 0.6674
94 0.6627
95 0.6603
96 0.6578
97 0.6553
98 0.6502
99 0.6476
100 0.6422
101 0.6394
102 0.6367
103 0.6311
104 0.6285
105 0.6261
106 0.6222
107 0.6208
108 0.6199
109 0.6199
110 0.6211
111 0.6166
112 0.6139
113 0.6095
114 0.6079
115 0.6064
116 0.6043
117 0.6014
118 0.6011
119 0.6011
120 0.6009
121 0.6008
122 0.6006
123 0.5994
124 0.599
125 0.5981
126 0.597
127 0.5964
128 0.5958
129 0.5944
130 0.5936
131 0.591
132 0.589
133 0.588
134 0.5869
135 0.5846
136 0.5834
137 0.5821
138 0.5795
139 0.5766
140 0.5751
141 0.5719
142 0.5703
143 0.5668
144 0.565
145 0.5612
146 0.5592
147 0.5572
148 0.5552
149 0.5509
150 0.5487
151 0.5464
152 0.5441
153 0.5417
154 0.5368
155 0.5343
156 0.529
157 0.5263
158 0.5208
159 0.5151
160 0.5122
161 0.5092
162 0.5063
163 0.5002
164 0.497
165 0.4939
166 0.4874
167 0.4806
168 0.4772
169 0.4737
170 0.4703
171 0.4632
172 0.4595
173 0.4558
174 0.4483
175 0.4445
176 0.4407
177 0.4368
178 0.4289
179 0.4249
180 0.4166
181 0.4125
182 0.4084
183 0.4
184 0.3957
185 0.3914
186 0.3829
187 0.3785
188 0.3696
189 0.3652
190 0.3607
191 0.3563
192 0.3517
193 0.3425
194 0.3379
195 0.3332
196 0.3286
197 0.3192
198 0.3145
199 0.3097
200 0.3002
201 0.2907
202 0.2859
203 0.2811
204 0.2763
205 0.2668
206 0.262
207 0.2571
208 0.2524
209 0.2427
210 0.2331
211 0.2282
212 0.2187
213 0.214
214 0.2093
215 0.1999
216 0.1953
217 0.186
218 0.1814
219 0.1723
220 0.1677
221 0.1587
222 0.1543
223 0.1498
224 0.1412
225 0.1369
226 0.1283
227 0.1242
228 0.12
229 0.1158
230 0.1077
231 0.1037
232 0.0957
233 0.0918
234 0.0879
235 0.0841
236 0.0767
237 0.073
238 0.0693
239 0.0624
240 0.059
241 0.0522
242 0.049
243 0.0458
244 0.0427
245 0.0371
246 0.0335
247 0.0327
248 0.0324
249 0.0337
250 0.0349
251 0.0392
252 0.0458
253 0.0499
254 0.0545
255 0.0647
256 0.0698
257 0.075
258 0.08
259 0.0902
260 0.0954
261 0.1004
262 0.1104
263 0.1155
264 0.1255
265 0.1304
266 0.1403
267 0.1452
268 0.15
269 0.1595
270 0.1642
271 0.1736
272 0.1828
273 0.1872
274 0.1917
275 0.196
276 0.2047
277 0.209
278 0.2132
279 0.2214
280 0.2295
281 0.2374
282 0.245
283 0.2486
284 0.2522
285 0.2557
286 0.2624
287 0.269
288 0.2722
289 0.2753
290 0.2813
291 0.2841
292 0.2869
293 0.2922
294 0.2947
295 0.2972
296 0.3018
297 0.3061
298 0.3082
299 0.3101
300 0.312
301 0.3155
302 0.3172
303 0.3202
304 0.3216
305 0.3229
306 0.3241
307 0.3264
308 0.3274
309 0.3291
310 0.3298
311 0.3305
312 0.3316
313 0.332
314 0.3323
315 0.3327
316 0.3328
317 0.3327
318 0.3325
319 0.3323
320 0.3316
321 0.3306
322 0.3299
323 0.3293
324 0.3277
325 0.3258
326 0.3247
327 0.3236
328 0.3224
329 0.3199
330 0.3185
331 0.3171
332 0.3156
333 0.314
334 0.3107
335 0.309
336 0.3072
337 0.3054
338 0.3015
339 0.2995
340 0.2964
341 0.2959
342 0.2961
343 0.2992
344 0.3021
345 0.3045
346 0.3125
347 0.318
348 0.3243
349 0.3365
350 0.3424
351 0.3538
352 0.3592
353 0.3695
354 0.3791
355 0.3836
356 0.3879
357 0.3919
358 0.3996
359 0.4032
360 0.4098
361 0.4129
362 0.4185
363 0.421
364 0.4255
365 0.4275
366 0.4309
367 0.4323
368 0.4335
369 0.4346
370 0.4362
371 0.4371
372 0.4373
373 0.4372
374 0.4369
375 0.4358
376 0.435
377 0.4329
378 0.4316
379 0.4285
380 0.4249
381 0.4229
382 0.4208
383 0.4161
384 0.4136
385 0.4109
386 0.4082
387 0.4023
388 0.3958
389 0.3924
390 0.3854
391 0.3818
392 0.378
393 0.3704
394 0.3664
395 0.3583
396 0.3541
397 0.3498
398 0.3412
399 0.3368
400 0.3324
401 0.3234
402 0.3188
403 0.3142
404 0.305
405 0.3004
406 0.2957
407 0.2864
408 0.2817
409 0.2723
410 0.2676
411 0.264
412 0.2603
413 0.2604
414 0.2608
415 0.2627
416 0.2697
417 0.2747
418 0.286
419 0.286
420 0.297
421 0.3022
422 0.3073
423 0.3169
424 0.3215
425 0.3344
426 0.342
427 0.3456
428 0.3488
429 0.3548
430 0.3575
431 0.3625
432 0.3646
433 0.3685
434 0.3702
435 0.3716
436 0.3729
437 0.375
438 0.3758
439 0.3764
440 0.3772
441 0.3772
442 0.377
443 0.3766
444 0.376
445 0.3745
446 0.3735
447 0.371
448 0.3696
449 0.3663
450 0.3644
451 0.3624
452 0.3581
453 0.3558
454 0.3533
455 0.3481
456 0.3453
457 0.3425
458 0.3365
459 0.3334
460 0.3268
461 0.32
462 0.3129
463 0.3093
464 0.3056
465 0.2982
466 0.2945
467 0.2867
468 0.2829
469 0.2749
470 0.271
471 0.2669
472 0.259
473 0.255
474 0.251
475 0.243
476 0.2351
477 0.2321
478 0.2306
479 0.2328
480 0.2334
481 0.2449
482 0.2449
483 0.2578
484 0.2645
485 0.2779
486 0.2843
487 0.2906
488 0.2966
489 0.3082
490 0.3138
491 0.3244
492 0.3294
493 0.3342
494 0.343
495 0.3548
496 0.3583
497 0.3616
498 0.3672
499 0.3696
500 0.3739
501 0.3757
502 0.3773
503 0.3797
504 0.3806
505 0.3813
506 0.3821
507 0.3822
508 0.382
509 0.3811
510 0.3804
511 0.3784
512 0.3771
513 0.3756
514 0.3722
515 0.3703
516 0.3659
517 0.3634
518 0.3581
519 0.3552
520 0.3491
521 0.3459
522 0.3425
523 0.3391
524 0.3318
525 0.3241
526 0.3201
527 0.3161
528 0.312
529 0.3036
530 0.2948
531 0.2904
532 0.2814
533 0.2769
534 0.2724
535 0.2634
536 0.2589
537 0.2544
538 0.2197
539 0.2072
540 0.2026
541 0.2041
542 0.209
543 0.2186
544 0.2293
545 0.2415
546 0.2721
547 0.2875
548 0.3176
549 0.3321
550 0.3463
551 0.3732
552 0.3861
553 0.3986
554 0.4221
555 0.4332
556 0.4439
557 0.4636
558 0.4728
559 0.4815
560 0.4974
561 0.5113
562 0.5177
563 0.5234
564 0.5334
565 0.5376
566 0.5447
567 0.5476
568 0.55
569 0.5533
570 0.5543
571 0.5548
572 0.5546
573 0.5538
574 0.5526
575 0.551
576 0.5467
577 0.544
578 0.5373
579 0.5293
580 0.5248
581 0.5149
582 0.504
583 0.498
584 0.4919
585 0.4856
586 0.479
587 0.4651
588 0.4578
589 0.4503
590 0.4426
591 0.4268
592 0.4186
593 0.4103
594 0.3935
595 0.3851
596 0.3711
597 0.366
598 0.3585
599 0.3566
600 0.356
601 0.3554
602 0.3539
603 0.3529
604 0.3518
605 0.3491
606 0.3476
607 0.3459
608 0.344
609 0.34
610 0.3378
611 0.3329
612 0.3304
613 0.3276
614 0.3248
615 0.3189
616 0.3125
617 0.3092
618 0.3057
619 0.2987
620 0.2951
621 0.2877
622 0.2839
623 0.28
624 0.2723
625 0.2684
626 0.2644
627 0.2565
628 0.2525
629 0.2484
630 0.2445
631 0.2364
632 0.2243
633 0.2203
634 0.2163
635 0.2087
636 0.2013
637 0.1939
638 0.1904
639 0.1869
640 0.1802
641 0.177
642 0.1738
643 0.1712
644 0.1738
645 0.2056
646 0.2089
647 0.2216
648 0.2371
649 0.2718
650 0.2892
651 0.3063
652 0.3388
653 0.3544
654 0.3991
655 0.3991
656 0.4269
657 0.4397
658 0.4522
659 0.4753
660 0.486
661 0.4962
662 0.5057
663 0.5232
664 0.5311
665 0.5454
666 0.5517
667 0.5574
668 0.5706
669 0.5737
670 0.5785
671 0.5799
672 0.5811
673 0.5809
674 0.5789
675 0.5772
676 0.5722
677 0.569
678 0.546
679 0.5401
680 0.5338
681 0.5207
682 0.5138
683 0.5065
684 0.4913
685 0.4833
686 0.475
687 0.4666
688 0.4491
689 0.4306
690 0.4211
691 0.4116
692 0.4019
693 0.3823
694 0.3723
695 0.352
696 0.3418
697 0.3213
698 0.3111
699 0.2907
700 0.2706
701 0.2607
702 0.2509
703 0.232
704 0.2227
705 0.2045
706 0.1956
707 0.1876
708 0.1829
709 0.2008
710 0.2277
711 0.1962
712 0.2228
713 0.2435
714 0.2646
715 0.2854
716 0.326
717 0.3458
718 0.3652
719 0.4019
720 0.4194
721 0.4364
722 0.4681
723 0.483
724 0.5111
725 0.5361
726 0.5475
727 0.5581
728 0.5679
729 0.5856
730 0.5934
731 0.607
732 0.6126
733 0.6176
734 0.6254
735 0.6282
736 0.6303
737 0.6325
738 0.6326
739 0.631
740 0.6292
741 0.6268
742 0.6203
743 0.6162
744 0.6063
745 0.6006
746 0.5909
747 0.59
748 0.5919
749 0.604
750 0.612
751 0.6194
752 0.6262
753 0.6378
754 0.6427
755 0.647
756 0.6505
757 0.6557
758 0.6573
759 0.6588
760 0.6576
761 0.6561
762 0.654
763 0.6479
764 0.6441
765 0.6347
766 0.6292
767 0.6231
768 0.6098
769 0.6024
770 0.5946
771 0.5778
772 0.5688
773 0.5497
774 0.5397
775 0.5187
776 0.5078
777 0.4966
778 0.4739
779 0.4623
780 0.4384
781 0.4271
782 0.4275
783 0.4543
784 0.4507
785 0.4656
786 0.484
787 0.5254
788 0.5457
789 0.5654
790 0.602
791 0.6191
792 0.6354
793 0.6507
794 0.6652
795 0.6919
796 0.7041
797 0.7259
798 0.7354
799 0.744
800 0.7516
801 0.7642
802 0.7692
803 0.7734
804 0.7789
805 0.7803
806 0.7809
807 0.7794
808 0.7774
809 0.771
810 0.7666
811 0.7556
812 0.749
813 0.7416
814 0.7251
815 0.7159
816 0.6956
817 0.6732
818 0.6613
819 0.6362
820 0.6231
821 0.6097
822 0.596
823 0.5675
824 0.5527
825 0.5376
826 0.5073
827 0.4918
828 0.4762
829 0.445
830 0.4293
831 0.4135
832 0.3824
833 0.3669
834 0.3359
835 0.3056
836 0.2906
837 0.276
838 0.2477
839 0.2339
840 0.2203
841 0.1943
842 0.1818
843 0.1694
844 0.1579
845 0.1548
846 0.184
847 0.1484
848 0.1667
849 0.1884
850 0.2336
851 0.2564
852 0.279
853 0.301
854 0.3441
855 0.3651
856 0.4257
857 0.4446
858 0.4811
859 0.4811
860 0.5152
861 0.5311
862 0.5466
863 0.5749
864 0.5879
865 0.6001
866 0.6218
867 0.6314
868 0.6402
869 0.655
870 0.6612
871 0.6666
872 0.6789
873 0.7018
874 0.7229
875 0.757
876 0.8381
877 0.8781
878 0.9169
879 0.9879
880 1.0207
881 1.0813
882 1.1335
883 1.1567
884 1.1963
885 1.1963
886 1.2282
887 1.2411
888 1.2623
889 1.2701
890 1.2805
891 1.2829
892 1.2836
893 1.2826
894 1.2756
895 1.2697
896 1.2622
897 1.2428
898 1.2309
899 1.2176
900 1.1873
901 1.1702
902 1.1519
903 1.1327
904 1.0908
905 1.0683
906 1.0447
907 0.9957
908 0.9749
909 0.9655
910 0.9671
911 0.9876
912 1.0104
913 1.053
914 1.0725
915 1.0907
916 1.1071
917 1.1359
918 1.1482
919 1.1591
920 1.1683
921 1.1874
922 1.1908
923 1.1929
924 1.1933
925 1.19
926 1.1863
927 1.1812
928 1.1749
929 1.1583
930 1.148
931 1.1239
932 1.1101
933 1.0951
934 1.071
935 1.0714
936 1.0725
937 1.0972
938 1.1119
939 1.1254
940 1.1477
941 1.1568
942 1.1644
943 1.1749
944 1.1796
945 1.1798
946 1.1758
947 1.1717
948 1.1663
949 1.1516
950 1.1423
951 1.1317
952 1.1201
953 1.0933
954 1.0782
955 1.062
956 1.0449
957 1.0078
958 0.9878
959 0.9452
960 0.9228
961 0.8996
962 0.876
963 0.8518
964 0.8015
965 0.749
966 0.722
967 0.6948
968 0.6677
969 0.6127
970 0.5848
971 0.5568
972 0.529
973 0.4739
974 0.4549
975 0.4478
976 0.4823
977 0.5261
978 0.6219
979 0.669
980 0.7604
981 0.8036
982 0.8862
983 0.9247
984 0.9618
985 1.0293
986 1.0602
987 1.0895
988 1.1413
989 1.1642
990 1.1854
991 1.2209
992 1.2357
993 1.2486
994 1.2745
995 1.2817
996 1.2825
997 1.278
998 1.2659
999 1.2571
1000 1.2407
1001 1.2426
1002 1.2467
1003 1.2749
1004 1.2877
1005 1.2988
1006 1.3079
1007 1.3153
1008 1.3248
1009 1.327
1010 1.3274
1011 1.3261
1012 1.3186
1013 1.3123
1014 1.2951
1015 1.2841
1016 1.2717
1017 1.258
1018 1.2428
1019 1.2085
1020 1.1893
1021 1.1689
1022 1.1476
1023 1.1251
1024 1.1015
1025 1.0861
1026 1.0946
1027 1.096
1028 1.1198
1029 1.1849
1030 1.2183
1031 1.2502
1032 1.2797
1033 1.3332
1034 1.357
1035 1.3989
1036 1.4165
1037 1.4321
1038 1.4564
1039 1.4653
1040 1.477
1041 1.4797
1042 1.4804
1043 1.4757
1044 1.4704
1045 1.4632
1046 1.4542
1047 1.4434
1048 1.2408
1049 1.1803
1050 1.1135
1051 1.0495
1052 1.0181
1053 0.9547
1054 0.9229
1055 0.8581
1056 0.7932
1057 0.7623
1058 0.7405
1059 0.729
1060 0.7315
1061 0.7619
1062 0.817
1063 0.8704
1064 0.8958
1065 0.9198
1066 0.9631
1067 1.001
1068 1.0181
1069 1.0336
1070 1.0475
1071 1.0711
1072 1.0808
1073 1.0891
1074 1.101
1075 1.1047
1076 1.107
1077 1.1079
1078 1.1054
1079 1.1021
1080 1.0974
1081 1.0915
1082 1.0758
1083 1.0661
1084 1.0552
1085 1.0302
1086 1.0161
1087 1.0009
1088 0.9681
1089 0.9504
1090 0.9317
1091 0.8929
1092 0.8762
1093 0.8668
1094 0.8597
1095 0.8624
1096 0.8644
1097 0.8655
1098 0.8651
1099 0.8636
1100 0.8577
1101 0.8534
1102 0.8422
1103 0.8354
1104 0.8278
1105 0.8104
1106 0.8007
1107 0.7902
1108 0.7674
1109 0.7552
1110 0.7422
1111 0.715
1112 0.7007
1113 0.6858
1114 0.6664
1115 0.6724
1116 0.698
1117 0.7198
1118 0.7427
1119 0.7854
1120 0.8052
1121 0.824
1122 0.8572
1123 0.8719
1124 0.8977
1125 0.9085
1126 0.9264
1127 0.9334
1128 0.9391
1129 0.9435
1130 0.9486
1131 0.9494
1132 0.949
1133 0.9447
1134 0.9408
1135 0.9297
1136 0.9226
1137 0.9051
1138 0.8949
1139 0.8838
1140 0.859
1141 0.8453
1142 0.8154
1143 0.7995
1144 0.7827
1145 0.7478
1146 0.7295
1147 0.7106
1148 0.6719
1149 0.652
1150 0.6316
1151 0.6112
1152 0.5904
1153 0.5479
1154 0.5263
1155 0.5045
1156 0.4613
1157 0.4397
1158 0.418
1159 0.3789
1160 0.366
1161 0.3539
1162 0.3573
1163 0.3661
1164 0.3841
1165 0.393
1166 0.4016
1167 0.4177
1168 0.4253
1169 0.4325
1170 0.4393
1171 0.4517
1172 0.4626
1173 0.4674
1174 0.4718
1175 0.4757
1176 0.482
1177 0.4846
1178 0.4883
1179 0.4894
1180 0.4901
1181 0.4902
1182 0.4893
1183 0.4881
1184 0.4865
1185 0.4845
1186 0.4792
1187 0.4759
1188 0.4722
1189 0.4681
1190 0.4636
1191 0.4536
1192 0.4481
1193 0.4422
1194 0.4437
1195 0.4514
1196 0.4573
1197 0.4698
1198 0.5031
1199 0.5368
1200 0.5528
1201 0.5822
1202 0.5953
1203 0.6077
1204 0.6191
1205 0.6394
1206 0.6484
1207 0.6565
1208 0.6697
1209 0.675
1210 0.6794
1211 0.6853
1212 0.6869
1213 0.6877
1214 0.6877
1215 0.6851
1216 0.6792
1217 0.6751
1218 0.6702
1219 0.6647
1220 0.6514
1221 0.6438
1222 0.6355
1223 0.6172
1224 0.6072
1225 0.5966
1226 0.5743
1227 0.5625
1228 0.5375
1229 0.5245
1230 0.5111
1231 0.4839
1232 0.4699
1233 0.4557
1234 0.4415
1235 0.427
1236 0.3976
1237 0.3827
1238 0.3677
1239 0.3381
1240 0.3234
1241 0.3087
1242 0.2942
1243 0.2797
1244 0.2654
1245 0.2511
1246 0.223
1247 0.2123
1248 0.2104
1249 0.2216
1250 0.2098
1251 0.2117
1252 0.2189
1253 0.2281
1254 0.2375
1255 0.2563
1256 0.2655
1257 0.2745
1258 0.2833
1259 0.3002
1260 0.3084
1261 0.3163
1262 0.3239
1263 0.3312
1264 0.345
1265 0.3514
1266 0.3575
1267 0.3685
1268 0.3734
1269 0.378
1270 0.3822
1271 0.3894
1272 0.3924
1273 0.3951
1274 0.3992
1275 0.4006
1276 0.4017
1277 0.4026
1278 0.4025
1279 0.402
1280 0.4
1281 0.3984
1282 0.3965
1283 0.3942
1284 0.3888
1285 0.3856
1286 0.3821
1287 0.3783
1288 0.3699
1289 0.3654
1290 0.3554
1291 0.3502
1292 0.3447
1293 0.3333
1294 0.3274
1295 0.3213
1296 0.3089
1297 0.3026
1298 0.2961
1299 0.2831
1300 0.2766
1301 0.27
1302 0.2634
1303 0.2502
1304 0.2435
1305 0.2369
1306 0.2239
1307 0.2175
1308 0.2111
1309 0.1987
1310 0.1927
1311 0.1868
1312 0.1811
1313 0.1754
1314 0.1644
1315 0.1591
1316 0.1539
1317 0.1489
1318 0.144
1319 0.1393
1320 0.1303
1321 0.1261
1322 0.122
1323 0.1144
1324 0.1109
1325 0.106
1326 0.1287
1327 0.3715
1328 0.5894
1329 0.638
1330 0.5637
1331 0.4995
1332 0.447
1333 0.384
1334 0.3742
1335 0.377
1336 0.4113
1337 0.4368
1338 0.4649
1339 0.4938
1340 0.5518
1341 0.5802
1342 0.6078
1343 0.6341
1344 0.6596
1345 0.7076
1346 0.7302
1347 0.7518
1348 0.7905
1349 0.808
1350 0.8243
1351 0.8525
1352 0.8645
1353 0.8849
1354 0.8929
1355 0.9053
1356 0.9094
1357 0.9123
1358 0.9138
1359 0.9141
1360 0.9111
1361 0.9078
1362 0.9033
1363 0.891
1364 0.8832
1365 0.8645
1366 0.8536
1367 0.829
1368 0.8154
1369 0.8009
1370 0.77
1371 0.7534
1372 0.7183
1373 0.6999
1374 0.6809
1375 0.6421
1376 0.6222
1377 0.581
1378 0.5601
1379 0.5174
1380 0.496
1381 0.4744
1382 0.4529
1383 0.4098
1384 0.3882
1385 0.345
1386 0.3237
1387 0.3026
1388 0.2617
1389 0.2417
1390 0.2026
1391 0.1837
1392 0.1651
1393 0.13
1394 0.1132
1395 0.0968
1396 0.0662
1397 0.0518
1398 0.0245
1399 0.0119
1400 -0.0117
1401 -0.0225
1402 -0.0326
1403 -0.0507
1404 -0.0587
1405 -0.0662
1406 -0.0789
1407 -0.0842
1408 -0.0931
1409 -0.0966
1410 -0.1017
1411 -0.1034
1412 -0.1044
1413 -0.1048
1414 -0.1041
1415 -0.1012
1416 -0.099
1417 -0.0931
1418 -0.0895
1419 -0.0854
1420 -0.0761
1421 -0.0708
1422 -0.0592
1423 -0.053
1424 -0.0394
1425 -0.0323
1426 -0.0172
1427 -0.0094
1428 -0.0013
1429 0.015
1430 0.0319
1431 0.0406
1432 0.0493
1433 0.0579
1434 0.0753
1435 0.0841
1436 0.1017
1437 0.1104
1438 0.119
1439 0.1359
1440 0.1441
1441 0.1604
1442 0.1683
1443 0.176
1444 0.1907
1445 0.1978
1446 0.2047
1447 0.2176
1448 0.2237
1449 0.2354
1450 0.2408
1451 0.2509
1452 0.2555
1453 0.2641
1454 0.268
1455 0.2749
1456 0.278
1457 0.2808
1458 0.2833
1459 0.2876
1460 0.2893
1461 0.2908
1462 0.293
1463 0.2938
1464 0.2945
1465 0.2945
1466 0.2943
1467 0.2938
1468 0.2923
1469 0.2912
1470 0.2899
1471 0.2868
1472 0.2829
1473 0.2807
1474 0.2784
1475 0.2733
1476 0.2706
1477 0.2677
1478 0.2617
1479 0.2586
1480 0.252
1481 0.2486
1482 0.2415
1483 0.2379
1484 0.2343
1485 0.227
1486 0.2233
1487 0.2196
1488 0.2123
1489 0.2087
1490 0.2051
1491 0.2015
1492 0.1944
1493 0.1909
1494 0.184
1495 0.1806
1496 0.174
1497 0.1709
1498 0.1678
1499 0.1619
1500 0.1591
1501 0.1563
1502 0.1537
1503 0.1488
1504 0.1464
1505 0.1442
1506 0.1421
1507 0.1381
1508 0.1363
1509 0.1345
1510 0.1315
1511 0.1301
1512 0.1277
1513 0.1266
1514 0.1257
1515 0.1243
1516 0.1237
1517 0.1229
1518 0.1225
1519 0.1225
1520 0.1226
1521 0.123
1522 0.1234
1523 0.1238
1524 0.1244
1525 0.1257
1526 0.1265
1527 0.1284
1528 0.1294
1529 0.1316
1530 0.1328
1531 0.1341
1532 0.1354
1533 0.1384
1534 0.1413
1535 0.1592
1536 0.2082
1537 0.2472
1538 0.2956
1539 0.353
1540 0.4931
1541 0.5753
1542 0.763
1543 0.3377
1544 0.1353
1545 0.1098
1546 0.0974
1547 0.0764
1548 0.0667
1549 0.0466
1550 0.0365
1551 0.0262
1552 0.0061
1553 -0.0039
1554 -0.0139
1555 -0.033
1556 -0.0512
1557 -0.06
1558 -0.0684
1559 -0.0838
1560 -0.0909
1561 -0.0977
1562 -0.1097
1563 -0.1199
1564 -0.1243
1565 -0.1281
1566 -0.1342
1567 -0.1365
1568 -0.1383
1569 -0.1404
1570 -0.1404
1571 -0.1396
1572 -0.1384
1573 -0.1344
1574 -0.1318
1575 -0.1251
1576 -0.1211
1577 -0.1118
1578 -0.1011
1579 -0.0888
1580 -0.0753
1581 -0.0682
1582 -0.0608
1583 -0.0455
1584 -0.0378
1585 -0.022
1586 -0.0044
1587 0.0046
1588 0.0223
1589 0.0311
1590 0.0399
1591 0.0571
1592 0.0746
1593 0.0834
1594 0.1008
1595 0.1175
1596 0.134
1597 0.1419
1598 0.1496
1599 0.1644
1600 0.1715
1601 0.1924
1602 0.2129
1603 0.2572
1604 0.2868
1605 0.3515
1606 0.3828
1607 0.4136
1608 0.4712
1609 0.4984
1610 0.5502
1611 0.5741
1612 0.619
1613 0.6394
1614 0.6587
1615 0.6929
1616 0.708
1617 0.722
1618 0.7345
1619 0.7558
1620 0.7646
1621 0.7787
1622 0.7874
1623 0.7899
1624 0.7911
1625 0.7898
1626 0.784
1627 0.7795
1628 0.7739
1629 0.7673
1630 0.7512
1631 0.7418
1632 0.7203
1633 0.6958
1634 0.6825
1635 0.6686
1636 0.6393
1637 0.6239
1638 0.5916
1639 0.5781
1640 0.567
1641 0.5692
1642 0.5766
1643 0.602
1644 0.6266
1645 0.638
1646 0.658
1647 0.6665
1648 0.6812
1649 0.6872
1650 0.6966
1651 0.7
1652 0.7042
1653 0.7048
1654 0.7038
1655 0.7019
1656 0.6915
1657 0.6864
1658 0.674
1659 0.6667
1660 0.65
1661 0.6408
1662 0.6203
1663 0.6093
1664 0.5856
1665 0.5731
1666 0.5466
1667 0.5189
1668 0.5045
1669 0.4753
1670 0.4458
1671 0.4309
1672 0.401
1673 0.3862
1674 0.3565
1675 0.3438
1676 0.3494
1677 0.3793
1678 0.4311
1679 0.4569
1680 0.4821
1681 0.5294
1682 0.5518
1683 0.5736
1684 0.6136
1685 0.6321
1686 0.6497
1687 0.6813
1688 0.7087
1689 0.7209
1690 0.7317
1691 0.7497
1692 0.7635
1693 0.7937
1694 0.8847
1695 0.9516
1696 1.0184
1697 1.1442
1698 1.2604
1699 1.3148
1700 1.3657
1701 1.4566
1702 1.5352
1703 1.5703
1704 1.6017
1705 1.654
1706 1.6754
1707 1.7092
1708 1.7212
1709 1.7366
1710 1.7396
1711 1.731
1712 1.7225
1713 1.6973
1714 1.6406
1715 1.6215
1716 1.6194
1717 1.6463
1718 1.6883
1719 1.7742
1720 1.8135
1721 1.8833
1722 1.913
1723 1.963
1724 1.9988
1725 2.0117
1726 2.021
1727 2.027
1728 2.0297
1729 2.0266
1730 2.0112
1731 1.9858
1732 2.0107
1733 2.0559
1734 2.1217
1735 2.2746
1736 2.3518
1737 2.4252
1738 2.5556
1739 2.6135
1740 2.7597
1741 2.8305
1742 2.8581
1743 2.8794
1744 2.8954
1745 2.9132
1746 2.9151
1747 2.9124
1748 2.8933
1749 2.8771
1750 2.8319
1751 2.7706
1752 2.7341
1753 2.6942
1754 2.6051
1755 2.5306
1756 2.503
1757 2.5044
1758 2.5107
1759 2.5227
1760 2.5367
1761 2.5374
1762 2.5243
1763 2.5146
1764 2.4847
1765 2.4647
1766 2.4147
1767 2.3527
1768 2.3173
1769 2.2793
1770 2.2391
1771 2.1511
1772 2.1034
1773 2.0534
1774 2.002
1775 1.9121
1776 1.8526
1777 1.8526
1778 1.8573
1779 1.8582
1780 1.8534
1781 1.8397
1782 1.8295
1783 1.8028
1784 1.7864
1785 1.7474
1786 1.7251
1787 1.7009
1788 1.6479
1789 1.6188
1790 1.5558
1791 1.5222
1792 1.4871
1793 1.4142
1794 1.3366
1795 1.296
1796 1.2549
1797 1.1715
1798 1.0866
1799 1.0584
1800 1.0418
1801 1.0565
1802 1.0786
1803 1.1001
1804 1.1395
1805 1.1737
1806 1.2023
1807 1.2241
1808 1.2323
1809 1.2432
1810 1.2461
1811 1.2469
1812 1.2449
1813 1.2413
1814 1.2294
1815 1.2114
1816 1.2002
1817 1.1876
1818 1.1585
1819 1.1421
1820 1.1243
1821 1.1055
1822 1.0645
1823 1.0424
1824 1.0203
1825 0.9835
1826 0.9686
1827 0.9394
1828 0.9239
1829 0.8904
1830 0.8727
1831 0.835
1832 0.7953
1833 0.7533
1834 0.7317
1835 0.6879
1836 0.6658
1837 0.6433
1838 0.6209
1839 0.5522
1840 0.5289
1841 0.4818
1842 0.4364
1843 0.3918
1844 0.3486
1845 0.3277
1846 0.3073
1847 0.2875
1848 0.3474
1849 0.3182
1850 0.3128
1851 0.3386
1852 0.3578
1853 0.3775
1854 0.3968
1855 0.4341
1856 0.4521
1857 0.4696
1858 0.4863
1859 0.5178
1860 0.5327
1861 0.5605
1862 0.5731
1863 0.5962
1864 0.6064
1865 0.6158
1866 0.6318
1867 0.6442
1868 0.6492
1869 0.6564
1870 0.6585
1871 0.6599
1872 0.6603
1873 0.6587
1874 0.6568
1875 0.6504
1876 0.6411
1877 0.6287
1878 0.6215
1879 0.6053
1880 0.5964
1881 0.5868
1882 0.5768
1883 0.5553
1884 0.5438
1885 0.5194
1886 0.5067
1887 0.4801
1888 0.4665
1889 0.4526
1890 0.4245
1891 0.4102
1892 0.3958
1893 0.3814
1894 0.3524
1895 0.3378
1896 0.3231
1897 0.3086
1898 0.2797
1899 0.2653
1900 0.251
1901 0.2369
1902 0.2093
1903 0.1957
1904 0.1823
1905 0.1693
1906 0.144
1907 0.1317
1908 0.1196
1909 0.1081
1910 0.0859
1911 0.0753
1912 0.0651
1913 0.0461
1914 0.0372
1915 0.0207
1916 0.0132
1917 0.0062
1918 -0.0064
1919 -0.012
1920 -0.0171
1921 -0.0217
1922 -0.0295
1923 -0.0328
1924 -0.0356
1925 -0.0398
1926 -0.049
1927 -0.0632
1928 -0.0861
1929 -0.0882
1930 -0.0376
1931 -0.0289
1932 -0.0233
1933 -0.0182
1934 -0.0073
1935 -0.0014
1936 0.011
1937 0.0176
1938 0.0243
1939 0.0312
1940 0.0527
1941 0.0602
1942 0.0754
1943 0.0754
1944 0.0911
1945 0.0989
1946 0.1069
1947 0.1147
1948 0.1305
1949 0.1461
1950 0.1539
1951 0.1616
1952 0.1763
1953 0.1834
1954 0.1904
1955 0.2038
1956 0.2101
1957 0.2164
1958 0.228
1959 0.2335
1960 0.2388
1961 0.2438
1962 0.2486
1963 0.2575
1964 0.2616
1965 0.2655
1966 0.2691
1967 0.2756
1968 0.2785
1969 0.2812
1970 0.2835
1971 0.2876
1972 0.2893
1973 0.2907
1974 0.2919
1975 0.2935
1976 0.294
1977 0.2943
1978 0.2941
1979 0.2937
1980 0.2931
1981 0.2922
1982 0.29
1983 0.2885
1984 0.2869
1985 0.2852
1986 0.2811
1987 0.2788
1988 0.2764
1989 0.2738
1990 0.2711
1991 -0.2721
1992 0.2186
1993 0.1751
1994 0.1284
1995 0.0802
1996 0.0325
1997 -0.0144
1998 -0.1058
1999 -0.1501
2000 -0.1935
2001 -0.235
2002 -0.3145
2003 -0.3524
2004 -0.389
2005 -0.4236
2006 -0.4885
2007 -0.5187
2008 -0.5474
2009 -0.574
2010 -0.6224
2011 -0.6441
2012 -0.6642
2013 -0.6982
2014 -0.7124
2015 -0.7292
2016 -0.8161
2017 -0.8894
2018 -0.9611
2019 -1.0298
2020 -1.0957
2021 -1.1587
2022 -1.2758
2023 -1.3298
2024 -1.3806
2025 -1.4273
2026 -1.5108
2027 -1.5476
2028 -1.581
2029 -1.6384
2030 -1.6644
2031 -1.6874
2032 -1.7217
2033 -1.7335
2034 -1.7418
2035 -1.7465
2036 -1.7478
2037 -1.7408
2038 -1.7325
2039 -1.7211
2040 -1.7067
2041 -1.6893
2042 -1.6461
2043 -1.6203
2044 -1.5918
2045 -1.5612
2046 -1.503
2047 -1.57
2048 -1.5167
2049 -1.5549
2050 -1.6119
2051 -1.6685
2052 -1.7724
2053 -1.8193
2054 -1.8626
2055 -1.9014
2056 -1.968
2057 -1.9957
2058 -2.0426
2059 -2.0609
2060 -2.0752
2061 -2.0853
2062 -2.094
2063 -2.0926
2064 -2.0875
2065 -2.0662
2066 -2.0603
2067 -1.9627
2068 -2.1067
2069 -2.1439
2070 -2.3431
2071 -2.4721
2072 -2.53
2073 -2.5819
2074 -2.6279
2075 -2.6692
2076 -2.7057
2077 -2.7643
2078 -2.7864
2079 -2.8036
2080 -2.8156
2081 -2.8254
2082 -2.8232
2083 -2.8164
2084 -2.8049
2085 -2.7687
2086 -2.7152
2087 -2.6829
2088 -2.6773
2089 -2.6551
2090 -2.6702
2091 -2.7048
2092 -2.7421
2093 -2.7783
2094 -2.8099
2095 -2.8366
2096 -2.8756
2097 -2.888
2098 -2.8956
2099 -2.8982
2100 -2.8962
2101 -2.8786
2102 -2.863
2103 -2.8432
2104 -2.7911
2105 -2.759
2106 -2.7229
2107 -2.6405
2108 -2.5939
2109 -2.4904
2110 -2.3755
2111 -2.2488
2112 -2.182
2113 -2.1134
2114 -1.9753
2115 -1.9146
2116 -1.869
2117 -1.7807
2118 -1.7439
2119 -1.6652
2120 -1.6239
2121 -1.5809
2122 -1.4917
2123 -1.4451
2124 -1.3971
2125 -1.2992
2126 -1.2489
2127 -1.1974
2128 -1.0938
2129 -1.0412
2130 -0.9879
2131 -0.8818
2132 -0.8284
2133 -0.7206
2134 -0.6671
2135 -0.6134
2136 -0.5093
2137 -0.4679
2138 -0.418
2139 -0.4032
2140 -0.3744
2141 -0.3605
2142 -0.3324
2143 -0.3185
2144 -0.2903
2145 -0.2623
2146 -0.2342
2147 -0.2202
2148 -0.1925
2149 -0.1789
2150 -0.1516
2151 -0.1381
2152 -0.1245
2153 -0.098
2154 -0.0848
2155 -0.0717
2156 -0.077
2157 -0.0833
2158 -0.0546
2159 -0.0537
2160 -0.0622
2161 -0.0665
2162 -0.0708
2163 -0.0747
2164 -0.082
2165 -0.0852
2166 -0.0881
2167 -0.0907
2168 -0.0951
2169 -0.0967
2170 -0.0981
2171 -0.0997
2172 -0.1
2173 -0.0994
2174 -0.0987
2175 -0.0975
2176 -0.0942
2177 -0.092
2178 -0.0894
2179 -0.0834
2180 -0.0761
2181 -0.0675
2182 -0.0628
2183 -0.0578
2184 -0.0472
2185 -0.0415
2186 -0.0295
2187 -0.0167
2188 -0.0101
2189 -0.0033
2190 0.0104
2191 0.0175
2192 0.0319
2193 0.0392
2194 0.0466
2195 0.0613
2196 0.0687
2197 0.0831
2198 0.0903
2199 0.1004
2200 0.1052
2201 0.1099
2202 0.1144
2203 0.1235
2204 0.128
2205 0.1324
2206 0.1368
2207 0.1454
2208 0.1496
2209 0.1538
2210 0.1619
2211 0.1657
2212 0.1696
2213 0.1732
2214 0.1803
2215 0.1838
2216 0.1903
2217 0.1964
2218 0.1993
2219 0.202
2220 0.2069
2221 0.2092
2222 0.2134
2223 0.2153
2224 0.2171
2225 0.2202
2226 0.2215
2227 0.2227
2228 0.2248
2229 0.2256
2230 0.2263
2231 0.2269
2232 0.2277
2233 0.2279
2234 0.228
2235 0.228
2236 0.2277
2237 0.2297
2238 0.2441
2239 0.2708
2240 0.2691
2241 0.2816
2242 0.2968
2243 0.313
2244 0.3445
2245 0.3596
2246 0.3744
2247 0.3884
2248 0.4019
2249 0.4274
2250 0.4393
2251 0.4507
2252 0.4711
2253 0.4804
2254 0.4969
2255 0.5041
2256 0.5165
2257 0.5216
2258 0.5261
2259 0.5327
2260 0.5351
2261 0.5367
2262 0.5376
2263 0.5376
2264 0.5367
2265 0.533
2266 0.5302
2267 0.5268
2268 0.5185
2269 0.5136
2270 0.5081
2271 0.5022
2272 0.4889
2273 0.4817
2274 0.4739
2275 0.4659
2276 0.4486
2277 0.4395
2278 0.4202
2279 0.4103
2280 0.4
2281 0.3897
2282 0.3791
2283 0.3575
2284 0.3464
2285 0.3352
2286 0.324
2287 0.3014
2288 0.29
2289 0.2786
2290 0.2562
2291 0.2452
2292 0.2232
2293 0.2125
2294 0.1914
2295 0.1812
2296 0.1711
2297 0.1614
2298 0.1334
2299 0.1245
2300 0.1074
2301 0.0995
2302 0.0928
2303 0.094
2304 0.1675
2305 0.1687
2306 0.1329
2307 0.1691
2308 0.2112
2309 0.2972
2310 0.3401
2311 0.3824
2312 0.4234
2313 0.5028
2314 0.5412
2315 0.5787
2316 0.6145
2317 0.6828
2318 0.7151
2319 0.7462
2320 0.8028
2321 0.8287
2322 0.8531
2323 0.8962
2324 0.9152
2325 0.9326
2326 0.9617
2327 0.9736
2328 0.9839
2329 1.0038
2330 1.0069
2331 1.0085
2332 1.0083
2333 1.0041
2334 1.0161
2335 1.0446
2336 1.1042
2337 1.2016
2338 1.2498
2339 1.2957
2340 1.3385
2341 1.4167
2342 1.4521
2343 1.4851
2344 1.5413
2345 1.5652
2346 1.605
2347 1.6205
2348 1.6333
2349 1.6501
2350 1.6545
2351 1.6562
2352 1.6516
2353 1.6455
2354 1.626
2355 1.6127
2356 1.5792
2357 1.5593
2358 1.5373
2359 1.5135
2360 1.4879
2361 1.4311
2362 1.3674
2363 1.3331
2364 1.2978
2365 1.2616
2366 1.1855
2367 1.1049
2368 1.063
2369 1.0208
2370 0.9361
2371 0.8931
2372 0.8375
2373 0.8561
2374 0.8772
2375 0.9837
2376 1.0669
2377 1.1664
2378 1.27
2379 1.47
2380 1.6591
2381 1.7489
2382 1.8341
2383 1.9143
2384 2.0637
2385 2.1328
2386 2.1979
2387 2.3126
2388 2.363
2389 2.4093
2390 2.4863
2391 2.545
2392 2.5677
2393 2.5984
2394 2.6065
2395 2.6102
2396 2.6045
2397 2.6045
2398 2.5821
2399 2.565
2400 2.544
2401 2.4914
2402 2.4247
2403 2.3863
2404 2.3009
2405 2.2543
2406 2.205
2407 2.1538
2408 2.0443
2409 1.9862
2410 1.8671
2411 1.8053
2412 1.7417
2413 1.6124
2414 1.4788
2415 1.4788
2416 1.4114
2417 1.2774
2418 1.2091
2419 1.1403
2420 1.0723
2421 0.9859
2422 0.9788
2423 0.9865
2424 1.0061
2425 1.102
2426 1.1813
2427 1.2723
2428 1.4469
2429 1.6117
2430 1.69
2431 1.764
2432 1.8982
2433 1.9595
2434 2.0174
2435 2.0705
2436 2.1659
2437 2.208
2438 2.2464
2439 2.2803
2440 2.3366
2441 2.3777
2442 2.3925
2443 2.403
2444 2.4096
2445 2.4124
2446 2.4116
2447 2.3993
2448 2.373
2449 2.3547
2450 2.3331
2451 2.281
2452 2.2505
2453 2.217
2454 2.1811
2455 2.1014
2456 2.0577
2457 2.0116
2458 1.9639
2459 1.8622
2460 1.8085
2461 1.6955
2462 1.6373
2463 1.5777
2464 1.4573
2465 1.396
2466 1.3338
2467 1.2101
2468 1.1478
2469 1.0852
2470 0.9619
2471 0.9015
2472 0.8469
2473 0.7719
2474 0.7513
2475 0.7377
2476 0.7471
2477 0.7688
2478 0.7795
2479 0.7897
2480 0.8078
2481 0.8159
2482 0.8233
2483 0.8298
2484 0.8408
2485 0.8451
2486 0.8487
2487 0.8532
2488 0.8542
2489 0.8544
2490 0.8537
2491 0.8522
2492 0.8466
2493 0.8425
2494 0.8376
2495 0.8255
2496 0.8182
2497 0.8101
2498 0.8013
2499 0.7815
2500 0.7705
2501 0.7588
2502 0.7465
2503 0.7336
2504 0.7146
2505 0.7373
2506 0.7786
2507 0.8208
2508 0.9191
2509 0.9676
2510 1.0146
2511 1.1008
2512 1.1406
2513 1.1785
2514 1.2136
2515 1.2775
2516 1.3329
2517 1.3574
2518 1.3981
2519 1.4144
2520 1.4284
2521 1.4486
2522 1.4552
2523 1.4595
2524 1.4609
2525 1.4583
2526 1.4466
2527 1.4376
2528 1.4265
2529 1.4136
2530 1.3821
2531 1.3636
2532 1.3433
2533 1.2984
2534 1.2737
2535 1.2475
2536 1.2203
2537 1.1619
2538 1.1308
2539 1.0986
2540 1.0658
2541 0.9973
2542 0.9617
2543 0.8883
2544 0.851
2545 0.8132
2546 0.7379
2547 0.7
2548 0.6619
2549 0.6242
2550 0.5518
2551 0.5296
2552 0.5201
2553 0.5157
2554 0.545
2555 0.5741
2556 0.6455
2557 0.6805
2558 0.7147
2559 0.7474
2560 0.8096
2561 0.839
2562 0.8943
2563 0.9196
2564 0.9662
2565 0.987
2566 1.0063
2567 1.0393
2568 1.0534
2569 1.0659
2570 1.0766
2571 1.0931
2572 1.099
2573 1.1033
2574 1.1059
2575 1.1065
2576 1.1045
2577 1.101
2578 1.0896
2579 1.0817
2580 1.0725
2581 1.0619
2582 1.037
2583 1.0227
2584 1.0072
2585 0.9734
2586 0.9549
2587 0.9151
2588 0.8941
2589 0.8495
2590 0.8263
2591 0.7778
2592 0.7278
2593 0.7021
2594 0.6505
2595 0.6247
2596 0.5986
2597 0.5469
2598 0.5211
2599 0.4952
2600 0.4696
2601 0.421
2602 0.4066
2603 0.4086
2604 0.4206
2605 0.4773
2606 0.5179
2607 0.5984
2608 0.6373
2609 0.6753
2610 0.7117
2611 0.7809
2612 0.8138
2613 0.8454
2614 0.8751
2615 0.9303
2616 0.9558
2617 1.0023
2618 1.0228
2619 1.0592
2620 1.0746
2621 1.0884
2622 1.1102
2623 1.1184
2624 1.125
2625 1.1328
2626 1.1341
2627 1.1319
2628 1.1283
2629 1.1232
2630 1.1084
2631 1.0988
2632 1.0878
2633 1.0754
2634 1.0469
2635 1.0307
2636 1.0133
2637 0.9756
2638 0.9552
2639 0.9338
2640 0.9118
2641 0.865
2642 0.8405
2643 0.8151
2644 0.7894
2645 0.7362
2646 0.7088
2647 0.6808
2648 0.6249
2649 0.5968
2650 0.5713
2651 0.5518
2652 0.5338
2653 0.5366
2654 0.5646
2655 0.5784
2656 0.5918
2657 0.6162
2658 0.6376
2659 0.6473
2660 0.664
2661 0.671
2662 0.6771
2663 0.6867
2664 0.6929
2665 0.6948
2666 0.6958
2667 0.6953
2668 0.6938
2669 0.6885
2670 0.6846
2671 0.68
2672 0.6687
2673 0.6619
2674 0.6545
2675 0.6378
2676 0.63
2677 0.6388
2678 0.6567
2679 0.6809
2680 0.7044
2681 0.7485
2682 0.7689
2683 0.7883
2684 0.8061
2685 0.8382
2686 0.8525
2687 0.8656
2688 0.8772
2689 0.8967
2690 0.9046
2691 0.9166
2692 0.9206
2693 0.9233
2694 0.9247
2695 0.9238
2696 0.9215
2697 0.9132
2698 0.9073
2699 0.9002
2700 0.8921
2701 0.8801
2702 0.8815
2703 0.8949
2704 0.9009
2705 0.9057
2706 0.9093
2707 0.913
2708 0.9131
2709 0.912
2710 0.9064
2711 0.9019
2712 0.8963
2713 0.8821
2714 0.8734
2715 0.8638
2716 0.8419
2717 0.8296
2718 0.8165
2719 0.7802
2720 0.7858
2721 0.7956
2722 0.8
2723 0.8036
2724 0.8083
2725 0.8095
2726 0.8093
2727 0.8057
2728 0.8026
2729 0.7987
2730 0.7886
2731 0.7754
2732 0.759
2733 0.7497
2734 0.7397
2735 0.7181
2736 0.7064
2737 0.681
2738 0.6676
2739 0.6391
2740 0.6242
2741 0.6089
2742 0.5933
2743 0.5609
2744 0.5442
2745 0.5272
2746 0.5105
2747 0.4925
2748 0.5285
