0 0.7598
1 0.7598
2 0.7598
3 0.7598
4 0.7598
5 0.7598
6 0.7598
7 0.7598
8 0.7598
9 0.7598
10 0.7599
11 0.7599
12 0.7598
13 0.7597
14 0.7597
15 0.7596
16 0.7595
17 0.7593
18 0.7592
19 0.7591
20 0.759
21 0.7588
22 0.7587
23 0.7586
24 0.7583
25 0.7581
26 0.7578
27 0.7576
28 0.7572
29 0.757
30 0.7568
31 0.7566
32 0.7561
33 0.7559
34 0.7556
35 0.7551
36 0.7548
37 0.7545
38 0.7541
39 0.7535
40 0.7527
41 0.7523
42 0.7515
43 0.7511
44 0.7506
45 0.7501
46 0.7496
47 0.7486
48 0.7481
49 0.7475
50 0.7469
51 0.7457
52 0.7444
53 0.7437
54 0.7423
55 0.7416
56 0.7408
57 0.74
58 0.7384
59 0.7375
60 0.7357
61 0.7357
62 0.7338
63 0.7318
64 0.7308
65 0.7297
66 0.7274
67 0.7263
68 0.7251
69 0.7239
70 0.7213
71 0.72
72 0.7173
73 0.7159
74 0.7144
75 0.7115
76 0.7099
77 0.7068
78 0.7034
79 0.7034
80 0.7
81 0.6982
82 0.6945
83 0.6945
84 0.6907
85 0.6887
86 0.6867
87 0.6847
88 0.6826
89 0.6783
90 0.6761
91 0.6738
92 0.6692
93 0.6668
94 0.6644
95 0.6619
96 0.6568
97 0.6542
98 0.6489
99 0.6489
100 0.6462
101 0.6406
102 0.6377
103 0.6348
104 0.6318
105 0.6237
106 0.6215
107 0.6196
108 0.6172
109 0.6168
110 0.6185
111 0.6204
112 0.6125
113 0.6098
114 0.6053
115 0.6036
116 0.6021
117 0.6008
118 0.5997
119 0.5956
120 0.5951
121 0.5948
122 0.5941
123 0.5937
124 0.5924
125 0.5912
126 0.5906
127 0.59
128 0.5892
129 0.5877
130 0.5869
131 0.586
132 0.585
133 0.583
134 0.5808
135 0.5797
136 0.5772
137 0.5759
138 0.5745
139 0.5731
140 0.57
141 0.5685
142 0.5651
143 0.5634
144 0.5597
145 0.5578
146 0.5559
147 0.5518
148 0.5496
149 0.5474
150 0.5452
151 0.5405
152 0.5381
153 0.5356
154 0.5304
155 0.5278
156 0.525
157 0.5222
158 0.5194
159 0.5135
160 0.5105
161 0.5074
162 0.501
163 0.4944
164 0.4911
165 0.4841
166 0.4806
167 0.4769
168 0.4733
169 0.4695
170 0.4619
171 0.458
172 0.454
173 0.45
174 0.4418
175 0.4375
176 0.4332
177 0.4288
178 0.4198
179 0.4154
180 0.4062
181 0.4014
182 0.3967
183 0.3918
184 0.3821
185 0.3772
186 0.3671
187 0.3619
188 0.3567
189 0.3463
190 0.3409
191 0.3356
192 0.3301
193 0.3192
194 0.3138
195 0.3081
196 0.3025
197 0.2912
198 0.2853
199 0.2797
200 0.268
201 0.262
202 0.2562
203 0.2502
204 0.2381
205 0.2322
206 0.2261
207 0.22
208 0.2138
209 0.2016
210 0.1891
211 0.183
212 0.1767
213 0.1705
214 0.1579
215 0.1516
216 0.1389
217 0.1327
218 0.12
219 0.1136
220 0.1073
221 0.0947
222 0.0883
223 0.0821
224 0.0757
225 0.0631
226 0.057
227 0.0507
228 0.0383
229 0.0322
230 0.026
231 0.0138
232 0.0079
233 0.0018
234 -0.0101
235 -0.0159
236 -0.0218
237 -0.0275
238 -0.0389
239 -0.0446
240 -0.0558
241 -0.0612
242 -0.0667
243 -0.072
244 -0.0773
245 -0.0877
246 -0.0927
247 -0.0978
248 -0.1075
249 -0.1122
250 -0.1215
251 -0.1261
252 -0.1303
253 -0.1372
254 -0.1397
255 -0.1416
256 -0.1436
257 -0.1438
258 -0.142
259 -0.1402
260 -0.1377
261 -0.1309
262 -0.1266
263 -0.1219
264 -0.1171
265 -0.1071
266 -0.1019
267 -0.0967
268 -0.0912
269 -0.0802
270 -0.0745
271 -0.0686
272 -0.0567
273 -0.0506
274 -0.0443
275 -0.0316
276 -0.0252
277 -0.012
278 -0.0051
279 0.0017
280 0.0156
281 0.0228
282 0.0299
283 0.0372
284 0.0519
285 0.0592
286 0.0668
287 0.082
288 0.0896
289 0.0974
290 0.1051
291 0.1208
292 0.1366
293 0.1526
294 0.1608
295 0.177
296 0.185
297 0.2014
298 0.2096
299 0.2177
300 0.2341
301 0.2423
302 0.2504
303 0.2667
304 0.2749
305 0.2829
306 0.291
307 0.307
308 0.3149
309 0.3307
310 0.3386
311 0.3463
312 0.3616
313 0.3692
314 0.3842
315 0.3915
316 0.3988
317 0.406
318 0.4201
319 0.4271
320 0.4338
321 0.4471
322 0.4537
323 0.46
324 0.4724
325 0.4785
326 0.4843
327 0.4957
328 0.5012
329 0.5065
330 0.5167
331 0.5216
332 0.5262
333 0.5352
334 0.5394
335 0.5474
336 0.5511
337 0.5546
338 0.5611
339 0.5641
340 0.5669
341 0.5694
342 0.5718
343 0.576
344 0.5778
345 0.5808
346 0.582
347 0.583
348 0.5843
349 0.5846
350 0.5847
351 0.5851
352 0.5873
353 0.5891
354 0.596
355 0.5988
356 0.6026
357 0.6072
358 0.6188
359 0.6254
360 0.6318
361 0.6438
362 0.6495
363 0.6549
364 0.6601
365 0.665
366 0.674
367 0.6781
368 0.6855
369 0.6888
370 0.6945
371 0.6969
372 0.699
373 0.7024
374 0.7037
375 0.7046
376 0.7056
377 0.7056
378 0.7053
379 0.7047
380 0.7026
381 0.701
382 0.6992
383 0.697
384 0.6917
385 0.6886
386 0.6851
387 0.6773
388 0.6729
389 0.6631
390 0.6578
391 0.6461
392 0.6399
393 0.6332
394 0.6192
395 0.6117
396 0.6039
397 0.5958
398 0.5788
399 0.5698
400 0.5606
401 0.5511
402 0.5414
403 0.5313
404 0.5105
405 0.4997
406 0.4774
407 0.4541
408 0.442
409 0.4174
410 0.4048
411 0.3919
412 0.3789
413 0.3523
414 0.3388
415 0.3112
416 0.2972
417 0.2687
418 0.2543
419 0.2398
420 0.2104
421 0.1807
422 0.1657
423 0.1356
424 0.1204
425 0.0917
426 0.0791
427 0.0583
428 0.0396
429 0.0263
430 0.0214
431 0.0171
432 0.0128
433 0.0086
434 0.0004
435 -0.0035
436 -0.0073
437 -0.0147
438 -0.0183
439 -0.0217
440 -0.0283
441 -0.0313
442 -0.0371
443 -0.0399
444 -0.0424
445 -0.0472
446 -0.0493
447 -0.0532
448 -0.055
449 -0.0565
450 -0.0592
451 -0.0603
452 -0.0621
453 -0.0627
454 -0.0631
455 -0.0636
456 -0.0633
457 -0.0629
458 -0.0616
459 -0.0607
460 -0.0596
461 -0.0569
462 -0.0553
463 -0.0515
464 -0.0471
465 -0.0419
466 -0.0391
467 -0.0361
468 -0.0295
469 -0.026
470 -0.0184
471 -0.0102
472 -0.0059
473 0.0033
474 0.0081
475 0.0182
476 0.0289
477 0.0345
478 0.046
479 0.052
480 0.0643
481 0.0706
482 0.0771
483 0.0837
484 0.0971
485 0.1039
486 0.118
487 0.1251
488 0.1396
489 0.1471
490 0.1664
491 0.1927
492 0.2044
493 0.2188
494 0.2517
495 0.2883
496 0.3069
497 0.344
498 0.3625
499 0.3994
500 0.4177
501 0.454
502 0.472
503 0.5075
504 0.5423
505 0.5595
506 0.5932
507 0.6259
508 0.6576
509 0.673
510 0.6881
511 0.7173
512 0.7314
513 0.7584
514 0.7713
515 0.7959
516 0.8076
517 0.8296
518 0.8497
519 0.859
520 0.8678
521 0.8838
522 0.891
523 0.9036
524 0.909
525 0.9181
526 0.9217
527 0.927
528 0.9287
529 0.9298
530 0.9302
531 0.9291
532 0.9275
533 0.9223
534 0.9144
535 0.9094
536 0.9037
537 0.8904
538 0.8827
539 0.8743
540 0.8557
541 0.8345
542 0.8107
543 0.798
544 0.7846
545 0.6746
546 0.6188
547 0.599
548 0.558
549 0.5368
550 0.4972
551 0.4642
552 0.4377
553 0.4262
554 0.4119
555 0.4061
556 0.3935
557 0.3867
558 0.3797
559 0.3648
560 0.357
561 0.3405
562 0.3231
563 0.314
564 0.3048
565 0.2953
566 0.2758
567 0.2658
568 0.2452
569 0.2347
570 0.2133
571 0.1913
572 0.1802
573 0.1576
574 0.1462
575 0.1347
576 0.1117
577 0.1001
578 0.0885
579 0.0768
580 0.0536
581 0.0421
582 0.0305
583 0.0076
584 -0.0151
585 -0.0263
586 -0.0484
587 -0.0701
588 -0.0807
589 -0.1015
590 -0.1117
591 -0.1314
592 -0.141
593 -0.1503
594 -0.1683
595 -0.1769
596 -0.1934
597 -0.2087
598 -0.2159
599 -0.2295
600 -0.2357
601 -0.2458
602 -0.2502
603 -0.2475
604 -0.2388
605 -0.2332
606 -0.2272
607 -0.2141
608 -0.207
609 -0.1995
610 -0.1833
611 -0.1655
612 -0.1462
613 -0.136
614 -0.1145
615 -0.0916
616 -0.0673
617 -0.0547
618 -0.0284
619 -0.0149
620 0.0131
621 0.0275
622 0.0571
623 0.0876
624 0.1032
625 0.1189
626 0.1349
627 0.1672
628 0.2002
629 0.2168
630 0.2504
631 0.2673
632 0.3012
633 0.3352
634 0.3522
635 0.3861
636 0.4198
637 0.4531
638 0.4696
639 0.5021
640 0.5339
641 0.5495
642 0.5808
643 0.6012
644 0.6516
645 0.6756
646 0.7333
647 0.7979
648 0.8307
649 0.8631
650 0.9873
651 1.046
652 1.0744
653 1.102
654 1.155
655 1.1803
656 1.2048
657 1.2509
658 1.2726
659 1.2932
660 1.3315
661 1.3656
662 1.3954
663 1.4086
664 1.4316
665 1.4413
666 1.457
667 1.4677
668 1.4711
669 1.4732
670 1.4736
671 1.4717
672 1.4685
673 1.4423
674 1.4323
675 1.4209
676 1.394
677 1.3785
678 1.3617
679 1.303
680 1.2808
681 1.2572
682 1.2063
683 1.1789
684 1.1205
685 1.0572
686 1.0238
687 0.9893
688 0.917
689 0.8793
690 0.8008
691 0.76
692 0.6758
693 0.6324
694 0.543
695 0.4506
696 0.4033
697 0.3553
698 0.3068
699 0.2083
700 0.1078
701 0.0569
702 -0.0457
703 -0.0973
704 -0.1998
705 -0.2541
706 -0.3289
707 -0.3578
708 -0.384
709 -0.4287
710 -0.4723
711 -0.4935
712 -0.5348
713 -0.5548
714 -0.5932
715 -0.6116
716 -0.6466
717 -0.6631
718 -0.6941
719 -0.7086
720 -0.7351
721 -0.7584
722 -0.7688
723 -0.7783
724 -0.7946
725 -0.8071
726 -0.8119
727 -0.8186
728 -0.8212
729 -0.8209
730 -0.8196
731 -0.8137
732 -0.8035
733 -0.7968
734 -0.7889
735 -0.77
736 -0.7589
737 -0.7466
738 -0.7189
739 -0.7018
740 -0.6543
741 -0.6236
742 -0.5509
743 -0.5123
744 -0.4727
745 -0.3907
746 -0.3483
747 -0.2609
748 -0.1701
749 -0.1235
750 -0.0283
751 0.0696
752 0.1194
753 0.2205
754 0.2717
755 0.3751
756 0.4797
757 0.5322
758 0.6377
759 0.7431
760 0.7957
761 0.8482
762 0.9522
763 1.0036
764 1.0546
765 1.155
766 1.2528
767 1.3007
768 1.3941
769 1.4394
770 1.5271
771 1.6255
772 1.7208
773 1.7954
774 1.8588
775 1.9235
776 2.0544
777 2.2409
778 2.2996
779 2.3565
780 2.4114
781 2.4642
782 2.5631
783 2.6092
784 2.6944
785 2.7333
786 2.8034
787 2.8345
788 2.8629
789 2.8885
790 2.931
791 2.9479
792 2.9618
793 2.9805
794 2.9851
795 2.9867
796 2.9803
797 2.9723
798 2.9466
799 2.9289
800 2.8837
801 2.8562
802 2.8255
803 2.7544
804 2.714
805 2.6705
806 2.5741
807 2.5212
808 2.4062
809 2.3443
810 2.2793
811 2.2116
812 2.0678
813 1.9918
814 1.8318
815 1.6618
816 1.5731
817 1.4821
818 1.2939
819 1.1966
820 1.0975
821 0.8938
822 0.7894
823 0.5761
824 0.4673
825 0.3572
826 0.1339
827 0.0208
828 -0.0931
829 -0.2077
830 -0.4383
831 -0.5542
832 -0.6702
833 -0.7863
834 -1.018
835 -1.1325
836 -1.4297
837 -1.4591
838 -1.6447
839 -1.7256
840 -1.8839
841 -1.9609
842 -2.0364
843 -2.1101
844 -2.182
845 -2.3199
846 -2.3857
847 -2.4493
848 -2.5106
849 -2.6255
850 -2.679
851 -2.8228
852 -2.865
853 -2.904
854 -2.9399
855 -3.0017
856 -3.0275
857 -3.0499
858 -3.0687
859 -3.0956
860 -3.1036
861 -3.1079
862 -3.1085
863 -3.0982
864 -3.081
865 -3.0474
866 -2.9757
867 -2.9117
868 -2.7726
869 -2.6974
870 -2.6186
871 -2.4503
872 -2.3609
873 -2.268
874 -2.0726
875 -1.9701
876 -1.8645
877 -1.6444
878 -1.5301
879 -1.4131
880 -1.1714
881 -1.0469
882 -0.7911
883 -0.66
884 -0.5269
885 -0.3921
886 -0.1176
887 0.0218
888 0.1626
889 0.4474
890 0.5912
891 0.7357
892 1.026
893 1.1716
894 1.4633
895 1.609
896 1.7545
897 1.8994
898 2.1871
899 2.3296
900 2.1881
901 2.3705
902 2.7308
903 2.9088
904 3.0848
905 3.4584
906 3.6184
907 3.7611
908 3.9119
909 4.2199
910 4.3706
911 4.5201
912 4.6699
913 4.9682
914 5.2639
915 5.4062
916 5.675
917 5.8046
918 5.9303
919 6.0537
920 6.2905
921 6.4076
922 6.5241
923 6.6404
924 6.8666
925 7.0615
926 7.1418
927 7.2752
928 7.331
929 7.3799
930 8.1248
931 8.1649
932 8.1983
933 8.1925
934 8.1806
935 8.1386
936 8.0334
937 7.9321
938 7.8717
939 7.7482
940 7.686
941 7.5488
942 7.401
943 7.2453
944 7.0874
945 7.0074
946 6.9268
947 6.7648
948 6.6832
949 6.5201
950 6.4378
951 6.272
952 6.1881
953 6.1038
954 6.0189
955 5.8748
956 5.8004
957 5.725
958 5.5832
959 5.5056
960 5.4395
961 5.2959
962 5.221
963 5.0695
964 4.9155
965 4.8376
966 4.6797
967 4.5955
968 4.4172
969 4.232
970 4.1374
971 4.0408
972 3.8449
973 3.7459
974 3.638
975 2.4227
