0 0.7598
1 0.7598
2 0.7598
3 0.7598
4 0.7598
5 0.7598
6 0.7598
7 0.7598
8 0.7598
9 0.7598
10 0.7598
11 0.7599
12 0.7598
13 0.7598
14 0.7597
15 0.7597
16 0.7597
17 0.7596
18 0.7596
19 0.7594
20 0.7593
21 0.7591
22 0.7589
23 0.7588
24 0.7587
25 0.7585
26 0.7584
27 0.7583
28 0.758
29 0.7579
30 0.7578
31 0.7576
32 0.7573
33 0.7572
34 0.7568
35 0.7567
36 0.7565
37 0.7561
38 0.7559
39 0.7555
40 0.7553
41 0.7551
42 0.7546
43 0.7544
44 0.7541
45 0.7539
46 0.7533
47 0.753
48 0.7527
49 0.7524
50 0.7517
51 0.7514
52 0.751
53 0.7507
54 0.7503
55 0.7495
56 0.7491
57 0.7487
58 0.7482
59 0.7473
60 0.7469
61 0.7459
62 0.7449
63 0.7443
64 0.7438
65 0.7427
66 0.7421
67 0.7415
68 0.7403
69 0.7396
70 0.739
71 0.7376
72 0.7362
73 0.7354
74 0.7347
75 0.7332
76 0.7324
77 0.7316
78 0.7299
79 0.729
80 0.7282
81 0.7264
82 0.7254
83 0.7245
84 0.7225
85 0.7216
86 0.7205
87 0.7185
88 0.7174
89 0.7163
90 0.7152
91 0.713
92 0.7106
93 0.7094
94 0.7082
95 0.707
96 0.7044
97 0.7031
98 0.7005
99 0.6991
100 0.6963
101 0.6949
102 0.6935
103 0.6905
104 0.689
105 0.6878
106 0.686
107 0.6856
108 0.6855
109 0.6869
110 0.6884
111 0.6908
112 0.6904
113 0.6891
114 0.6886
115 0.6885
116 0.6889
117 0.6896
118 0.6915
119 0.7029
120 0.707
121 0.7091
122 0.7173
123 0.7215
124 0.7235
125 0.7276
126 0.7296
127 0.7317
128 0.7337
129 0.7377
130 0.7397
131 0.7417
132 0.7456
133 0.7495
134 0.7534
135 0.7572
136 0.7591
137 0.761
138 0.7647
139 0.7665
140 0.7683
141 0.7701
142 0.7736
143 0.7754
144 0.7771
145 0.7805
146 0.7838
147 0.7854
148 0.787
149 0.7886
150 0.7916
151 0.7932
152 0.7946
153 0.7975
154 0.7989
155 0.8016
156 0.803
157 0.8043
158 0.8068
159 0.808
160 0.8091
161 0.8103
162 0.8125
163 0.8135
164 0.8155
165 0.8165
166 0.8173
167 0.8182
168 0.82
169 0.8208
170 0.8216
171 0.8223
172 0.8237
173 0.8243
174 0.8255
175 0.826
176 0.8264
177 0.8269
178 0.8275
179 0.8277
180 0.8282
181 0.8283
182 0.8284
183 0.8284
184 0.8282
185 0.828
186 0.8278
187 0.8273
188 0.8269
189 0.8265
190 0.8255
191 0.825
192 0.8237
193 0.8237
194 0.8222
195 0.8213
196 0.8204
197 0.8185
198 0.8174
199 0.8163
200 0.8151
201 0.8126
202 0.8113
203 0.8085
204 0.807
205 0.8038
206 0.8022
207 0.8004
208 0.7986
209 0.7967
210 0.7928
211 0.7909
212 0.7866
213 0.7821
214 0.7797
215 0.7774
216 0.7723
217 0.7697
218 0.7671
219 0.7616
220 0.7559
221 0.7529
222 0.7468
223 0.7404
224 0.7372
225 0.7338
226 0.7305
227 0.7235
228 0.7198
229 0.7163
230 0.7125
231 0.7049
232 0.6971
233 0.689
234 0.6849
235 0.6807
236 0.6721
237 0.6678
238 0.6633
239 0.6543
240 0.6497
241 0.6403
242 0.6355
243 0.6307
244 0.6209
245 0.6159
246 0.6068
247 0.603
248 0.5966
249 0.5941
250 0.5922
251 0.5892
252 0.5884
253 0.5882
254 0.5891
255 0.5902
256 0.5918
257 0.5954
258 0.597
259 0.6004
260 0.602
261 0.6035
262 0.6051
263 0.608
264 0.6094
265 0.6107
266 0.612
267 0.6145
268 0.6157
269 0.6167
270 0.6188
271 0.6198
272 0.6207
273 0.6224
274 0.6239
275 0.6251
276 0.6257
277 0.6267
278 0.6271
279 0.6275
280 0.628
281 0.6281
282 0.6283
283 0.6284
284 0.6283
285 0.6279
286 0.6276
287 0.6269
288 0.6265
289 0.6259
290 0.6254
291 0.6241
292 0.6233
293 0.6216
294 0.6197
295 0.6187
296 0.6164
297 0.6152
298 0.6125
299 0.6111
300 0.6081
301 0.6065
302 0.6048
303 0.6031
304 0.5994
305 0.5976
306 0.5956
307 0.5914
308 0.5871
309 0.5849
310 0.5801
311 0.5776
312 0.5725
313 0.57
314 0.5672
315 0.5617
316 0.5559
317 0.553
318 0.5499
319 0.5469
320 0.5405
321 0.5372
322 0.5306
323 0.5272
324 0.5237
325 0.5202
326 0.5131
327 0.5094
328 0.5057
329 0.5019
330 0.4942
331 0.4904
332 0.4864
333 0.4825
334 0.4744
335 0.4702
336 0.4661
337 0.4619
338 0.4534
339 0.4491
340 0.4448
341 0.4405
342 0.4335
343 0.4311
344 0.4286
345 0.4297
346 0.4294
347 0.4325
348 0.4357
349 0.4442
350 0.4486
351 0.4531
352 0.4575
353 0.4663
354 0.4707
355 0.4793
356 0.4878
357 0.492
358 0.5003
359 0.5045
360 0.5085
361 0.5165
362 0.5205
363 0.5244
364 0.5322
365 0.536
366 0.5434
367 0.5471
368 0.5542
369 0.5542
370 0.5612
371 0.5646
372 0.5679
373 0.5744
374 0.5776
375 0.5807
376 0.5896
377 0.5952
378 0.6006
379 0.6031
380 0.6081
381 0.6105
382 0.615
383 0.6192
384 0.6211
385 0.6249
386 0.6283
387 0.6299
388 0.6313
389 0.6341
390 0.6353
391 0.6375
392 0.6385
393 0.6402
394 0.6415
395 0.642
396 0.6428
397 0.643
398 0.6431
399 0.6431
400 0.643
401 0.6428
402 0.642
403 0.6415
404 0.6408
405 0.6393
406 0.6384
407 0.6362
408 0.635
409 0.6323
410 0.6315
411 0.6327
412 0.6379
413 0.642
414 0.6533
415 0.6603
416 0.6683
417 0.6845
418 0.6924
419 0.7003
420 0.7156
421 0.7232
422 0.7379
423 0.7451
424 0.7591
425 0.7659
426 0.7791
427 0.7918
428 0.7979
429 0.8039
430 0.8155
431 0.821
432 0.8264
433 0.8368
434 0.8464
435 0.851
436 0.8597
437 0.8638
438 0.8714
439 0.875
440 0.8784
441 0.8845
442 0.8874
443 0.8924
444 0.8947
445 0.8967
446 0.9002
447 0.9017
448 0.904
449 0.9048
450 0.9059
451 0.9061
452 0.9059
453 0.9055
454 0.9049
455 0.9031
456 0.9003
457 0.8986
458 0.8945
459 0.8895
460 0.8866
461 0.8803
462 0.8767
463 0.869
464 0.8604
465 0.8558
466 0.8509
467 0.8459
468 0.8352
469 0.8236
470 0.8175
471 0.8047
472 0.798
473 0.7844
474 0.7787
475 0.7743
476 0.7658
477 0.7649
478 0.7649
479 0.7673
480 0.7709
481 0.7725
482 0.7739
483 0.7761
484 0.7769
485 0.778
486 0.7783
487 0.7784
488 0.7781
489 0.7771
490 0.7763
491 0.7742
492 0.7729
493 0.7696
494 0.7657
495 0.7635
496 0.7584
497 0.7527
498 0.7462
499 0.739
500 0.7351
501 0.7268
502 0.7224
503 0.7131
504 0.7082
505 0.6979
506 0.6868
507 0.6811
508 0.6691
509 0.6565
510 0.6499
511 0.6432
512 0.6293
513 0.6222
514 0.6149
515 0.5999
516 0.5843
517 0.5764
518 0.56
519 0.5432
520 0.5346
521 0.517
522 0.5081
523 0.4991
524 0.4807
525 0.4714
526 0.4524
527 0.4429
528 0.4332
529 0.4137
530 0.3432
531 0.3121
532 0.3018
533 0.2859
534 0.2801
535 0.2804
536 0.282
537 0.2886
538 0.3063
539 0.3152
540 0.333
541 0.3419
542 0.3509
543 0.3688
544 0.3778
545 0.3957
546 0.4047
547 0.4137
548 0.4316
549 0.4405
550 0.4583
551 0.4761
552 0.4849
553 0.5025
554 0.5112
555 0.5285
556 0.5457
557 0.5541
558 0.5709
559 0.5792
560 0.5955
561 0.6036
562 0.6194
563 0.6272
564 0.6348
565 0.6499
566 0.6572
567 0.6645
568 0.6786
569 0.6855
570 0.6922
571 0.7053
572 0.7178
573 0.7239
574 0.7297
575 0.741
576 0.7464
577 0.7517
578 0.7616
579 0.7664
580 0.7753
581 0.7794
582 0.7834
583 0.7908
584 0.798
585 0.8027
586 0.8153
587 0.8225
588 0.8406
589 0.8509
590 0.861
591 0.8806
592 0.89
593 0.9081
594 0.9169
595 0.9335
596 0.9415
597 0.9566
598 0.9637
599 0.9772
600 0.9835
601 0.9952
602 1.0007
603 1.0106
604 1.0152
605 1.0194
606 1.0268
607 1.03
608 1.0355
609 1.0376
610 1.0409
611 1.042
612 1.0427
613 1.0431
614 1.0426
615 1.0419
616 1.0407
617 1.0392
618 1.0349
619 1.0322
620 1.0291
621 1.0218
622 1.013
623 1.008
624 1.0028
625 0.9912
626 0.9849
627 0.9782
628 0.964
629 0.9564
630 0.9484
631 0.9316
632 0.9221
633 0.926
634 0.9226
635 0.9293
636 0.936
637 0.9534
638 0.9625
639 0.9798
640 0.988
641 1.0034
642 1.0106
643 1.0175
644 1.0302
645 1.0361
646 1.0466
647 1.0514
648 1.0598
649 1.0634
650 1.0667
651 1.0722
652 1.0743
653 1.0775
654 1.0785
655 1.0794
656 1.0793
657 1.0788
658 1.0766
659 1.0749
660 1.0703
661 1.0675
662 1.0605
663 1.0565
664 1.052
665 1.0239
666 1.0171
667 1.0099
668 1.0023
669 0.986
670 0.9772
671 0.9586
672 0.9385
673 0.9279
674 0.917
675 0.894
676 0.882
677 0.8697
678 0.8439
679 0.8306
680 0.8029
681 0.7886
682 0.774
683 0.7438
684 0.7283
685 0.6965
686 0.6801
687 0.6467
688 0.6123
689 0.5769
690 0.5589
691 0.5406
692 0.5036
693 0.4848
694 0.4468
695 0.4129
696 0.4019
697 0.399
698 0.3793
699 0.3879
700 0.3972
701 0.4064
702 0.4246
703 0.4336
704 0.4515
705 0.4603
706 0.4777
707 0.4863
708 0.5033
709 0.5117
710 0.5283
711 0.5365
712 0.5525
713 0.5682
714 0.5759
715 0.5911
716 0.5985
717 0.613
718 0.62
719 0.6338
720 0.6535
721 0.6598
722 0.666
723 0.6778
724 0.6891
725 0.6997
726 0.7097
727 0.7189
728 0.7319
729 0.7427
730 0.7737
731 0.7935
732 0.8334
733 0.853
734 0.8724
735 0.9105
736 0.9292
737 0.9476
738 0.9836
739 1.0012
740 1.0185
741 1.0522
742 1.0685
743 1.0845
744 1.1155
745 1.1304
746 1.145
747 1.1591
748 1.1862
749 1.1991
750 1.2115
751 1.235
752 1.2567
753 1.2764
754 1.2854
755 1.302
756 1.3095
757 1.3165
758 1.3287
759 1.334
760 1.343
761 1.3466
762 1.3541
763 1.3707
764 1.4052
765 1.4298
766 1.4579
767 1.5206
768 1.553
769 1.6159
770 1.6464
771 1.7055
772 1.734
773 1.7889
774 1.8152
775 1.8408
776 1.8898
777 1.913
778 1.9571
779 1.9979
780 2.017
781 2.0352
782 2.0525
783 2.0844
784 2.0989
785 2.1125
786 2.1367
787 2.157
788 2.1733
789 2.1799
790 2.1901
791 2.1935
792 2.196
793 2.1976
794 2.1968
795 2.1949
796 2.1879
797 2.1827
798 2.1765
799 2.1606
800 2.1511
801 2.1286
802 2.1157
803 2.1017
804 2.0703
805 2.053
806 2.0151
807 1.9945
808 1.9501
809 1.9263
810 1.8755
811 1.8205
812 1.7915
813 1.7614
814 1.6984
815 1.6654
816 1.6314
817 1.5965
818 1.524
819 1.4864
820 1.4479
821 1.3684
822 1.3274
823 1.2482
824 1.2126
825 1.1554
826 1.1225
827 1.1075
828 1.0928
829 1.0774
830 1.0448
831 1.0276
832 0.9915
833 0.9727
834 0.9533
835 0.9335
836 0.8923
837 0.8711
838 0.8494
839 0.8047
840 0.7817
841 0.7583
842 0.7105
843 0.686
844 0.6612
845 0.636
846 0.5587
847 0.5323
848 0.4787
849 0.4516
850 0.4242
851 0.3768
852 0.3665
853 0.3661
854 0.3876
855 0.4015
856 0.4152
857 0.4424
858 0.4559
859 0.4692
860 0.4956
861 0.5216
862 0.5345
863 0.5472
864 0.5598
865 0.5723
866 0.597
867 0.6091
868 0.6329
869 0.6447
870 0.6677
871 0.679
872 0.6901
873 0.7119
874 0.7225
875 0.733
876 0.7533
877 0.7631
878 0.7822
879 0.7915
880 0.8005
881 0.8092
882 0.826
883 0.834
884 0.8417
885 0.8562
886 0.8656
887 0.9116
888 0.9492
889 1.0563
890 1.1129
891 1.1692
892 1.2807
893 1.3358
894 1.3905
895 1.4985
896 1.5517
897 1.6045
898 1.7082
899 1.7591
900 1.8094
901 1.908
902 1.9562
903 2.0503
904 2.1413
905 2.1855
906 2.2711
907 2.3126
908 2.3925
909 2.4309
910 2.4682
911 2.5057
912 2.6058
913 2.6568
914 2.7804
915 2.8451
916 2.9086
917 3.0315
918 3.0908
919 3.2049
920 3.2597
921 3.3129
922 3.4623
923 3.4623
924 3.5534
925 3.5962
926 3.6372
927 3.7135
928 3.7488
929 3.7821
930 3.8133
931 3.8426
932 3.8948
933 3.9386
934 3.9573
935 3.9878
936 3.9989
937 4.0127
938 4.0154
939 4.0152
940 4.0064
941 3.9978
942 3.9722
943 3.9551
944 3.9349
945 3.9116
946 3.8561
947 3.8241
948 3.7895
949 3.7522
950 3.6732
951 3.6411
952 3.6146
953 3.5847
954 3.5893
955 3.5711
956 3.5787
957 3.6089
958 3.6213
959 3.6406
960 3.6474
961 3.6523
962 3.6563
963 3.6553
964 3.6523
965 3.6402
966 3.6199
967 3.6066
968 3.5738
969 3.5325
970 3.5087
971 3.4827
972 3.4246
973 3.358
974 3.3216
975 3.2832
976 3.2427
977 3.1556
978 3.109
979 3.01
980 2.9619
981 2.9168
982 2.8857
983 2.8152
984 2.7853
985 2.7536
986 2.7201
987 2.6849
988 2.6094
989 2.5691
990 2.4836
991 2.4385
992 2.3917
993 2.2936
994 2.2422
995 2.1894
996 2.0793
997 2.0221
998 1.9635
999 1.9036
1000 1.8424
1001 1.7161
1002 1.651
1003 1.5848
1004 1.5174
1005 1.4231
1006 1.3726
1007 1.3339
1008 1.3238
1009 1.3137
1010 1.2908
1011 1.278
1012 1.2644
1013 1.2345
1014 1.2184
1015 1.1837
1016 1.1837
1017 1.146
1018 1.1261
1019 1.1055
1020 1.0623
1021 1.0397
1022 1.0165
1023 0.9927
1024 0.9434
1025 0.9179
1026 0.8919
1027 0.8653
1028 0.8383
1029 0.636
1030 0.5425
1031 0.5106
1032 0.4456
1033 0.4127
1034 0.3795
1035 0.3123
1036 0.2785
1037 0.2101
1038 0.1757
1039 0.1411
1040 0.1084
1041 0.0773
1042 0.0744
1043 0.0872
1044 0.1384
1045 0.1644
1046 0.1904
1047 0.2426
1048 0.295
1049 0.3212
1050 0.3475
1051 0.4002
1052 0.4265
1053 0.4792
1054 0.5056
1055 0.5319
1056 0.5845
1057 0.6107
1058 0.6369
1059 0.689
1060 0.7407
1061 0.7664
1062 0.8174
1063 0.8426
1064 0.8677
1065 0.9172
1066 0.9416
1067 0.9658
1068 1.0133
1069 1.0366
1070 1.0595
1071 1.1043
1072 1.1262
1073 1.1507
1074 1.2154
1075 1.2568
1076 1.3472
1077 1.3916
1078 1.4789
1079 1.5218
1080 1.6058
1081 1.6469
1082 1.6873
1083 1.727
1084 1.8044
1085 1.8788
1086 1.9148
1087 1.95
1088 1.9844
1089 2.0504
1090 2.0821
1091 2.1128
1092 2.1712
1093 2.1989
1094 2.2256
1095 2.256
1096 2.34
1097 2.3924
1098 2.4485
1099 2.507
1100 2.6238
1101 2.6803
1102 2.7891
1103 2.8415
1104 2.8923
1105 2.9896
1106 3.0359
1107 3.0807
1108 3.1653
1109 3.2051
1110 3.2433
1111 3.3143
1112 3.3472
1113 3.4075
1114 3.4603
1115 3.4838
1116 3.5054
1117 3.5251
1118 3.5427
1119 3.5715
1120 3.5822
1121 3.5959
1122 3.5989
1123 3.5971
1124 3.5924
1125 3.585
1126 3.5626
1127 3.5478
1128 3.5306
1129 3.4892
1130 3.4651
1131 3.4386
1132 3.3787
1133 3.3453
1134 3.3097
1135 3.2318
1136 3.1895
1137 3.1451
1138 3.0499
1139 2.9991
1140 2.9464
1141 2.8439
1142 2.795
1143 2.7647
1144 2.6679
1145 2.6303
1146 2.5909
1147 2.5496
1148 2.4618
1149 2.4153
1150 2.3173
1151 2.2659
1152 2.2128
1153 2.1021
1154 2.0446
1155 1.925
1156 1.8631
1157 1.7999
1158 1.6695
1159 1.534
1160 1.4644
1161 1.3218
1162 1.2488
1163 1.1747
1164 1.0238
1165 0.9469
1166 0.8692
1167 0.7114
1168 0.6314
1169 0.4695
1170 0.3876
1171 0.3052
1172 0.139
1173 0.0554
1174 -0.1946
1175 -0.2619
1176 -0.3822
1177 -0.4427
1178 -0.5024
1179 -0.6217
1180 -0.6811
1181 -0.7403
1182 -0.8579
1183 -0.9161
1184 -0.974
1185 -1.0883
1186 -1.1446
1187 -1.2004
1188 -1.3099
1189 -1.3636
1190 -1.4165
1191 -1.5198
1192 -1.5701
1193 -1.6679
1194 -1.7154
1195 -1.7617
1196 -1.807
1197 -1.8942
1198 -1.9359
1199 -1.9765
1200 -2.0537
1201 -2.0904
1202 -2.1595
1203 -2.1919
1204 -2.2229
1205 -2.2523
1206 -2.3066
1207 -2.3313
1208 -2.3545
1209 -2.3957
1210 -2.4139
1211 -2.4303
1212 -2.4578
1213 -2.4689
1214 -2.4782
1215 -2.4857
1216 -2.4951
1217 -2.497
1218 -2.497
1219 -2.4914
1220 -2.4857
1221 -2.4781
1222 -2.4571
1223 -2.4437
1224 -2.4283
1225 -2.3912
1226 -2.3656
1227 -2.3341
1228 -2.2126
1229 -2.0538
1230 -1.9352
1231 -1.873
1232 -1.8092
1233 -1.6761
1234 -1.607
1235 -1.5363
1236 -1.4639
1237 -1.3144
1238 -1.2373
1239 -1.1587
1240 -0.9974
1241 -0.9147
1242 -0.8307
1243 -0.659
1244 -0.5714
1245 -0.4827
1246 -0.3022
1247 -0.2105
1248 -0.1179
1249 0.0697
1250 0.1647
1251 0.2603
1252 0.4534
1253 0.5508
1254 0.6486
1255 0.8454
1256 0.9443
1257 1.0433
1258 1.2417
1259 1.341
1260 1.4402
1261 1.6382
1262 1.7369
1263 1.9334
1264 2.031
1265 2.1282
1266 2.3208
1267 2.416
1268 2.5105
1269 2.6967
1270 2.7883
1271 2.8788
1272 2.9682
1273 3.0563
1274 3.1432
1275 3.3127
1276 3.3949
1277 3.4745
1278 3.5515
1279 3.6256
1280 3.7655
1281 3.8314
1282 3.8941
1283 3.9548
1284 4.0671
1285 4.1181
1286 4.214
1287 4.2587
1288 4.3013
1289 4.3417
1290 4.3819
1291 4.4218
1292 4.4976
1293 4.5321
1294 4.565
1295 4.596
1296 4.6545
1297 4.7083
1298 4.7337
1299 4.7583
1300 4.7822
1301 4.8321
1302 4.8596
1303 4.8875
1304 4.9458
1305 5.0274
1306 5.0804
1307 5.0764
1308 5.0789
1309 5.079
1310 5.0875
1311 5.0898
1312 5.0919
1313 5.0953
1314 5.0965
1315 5.0979
1316 5.0968
1317 5.097
1318 5.0974
1319 5.0981
1320 5.0988
1321 5.1004
1322 5.1009
1323 5.1012
1324 5.1018
1325 5.1025
1326 5.103
1327 5.1026
1328 5.1027
1329 5.103
1330 5.1031
1331 5.1032
1332 5.1033
1333 5.1032
1334 5.1031
1335 5.1031
1336 5.103
1337 5.1029
1338 5.1029
1339 5.1028
1340 5.1028
1341 5.1029
1342 5.1029
1343 5.1029
1344 5.103
1345 5.103
1346 5.103
1347 5.103
1348 5.103
1349 5.103
1350 5.103
1351 5.103
1352 5.103
1353 5.103
1354 5.1029
1355 5.1029
1356 5.1029
1357 5.103
1358 5.103
1359 5.103
1360 5.103
1361 5.103
